0 0.6276371308016878 0.7318037974683544 0.07383966244725738 0.02689873417721519
0 0.16561181434599156 0.6352848101265823 0.06540084388185655 0.023734177215189875
0 0.7985232067510548 0.35443037974683544 0.056962025316455694 0.02531645569620253
0 0.12763713080168776 0.4596518987341772 0.1160337552742616 0.02689873417721519
0 0.47151898734177217 0.1930379746835443 0.5295358649789029 0.13291139240506328
0 0.5 0.3939873417721519 0.1518987341772152 0.05063291139240506
0 0.8343881856540084 0.7341772151898734 0.10337552742616034 0.03481012658227848
0 0.2616033755274262 0.4153481012658228 0.08016877637130802 0.055379746835443035
0 0.8333333333333334 0.7096518987341772 0.08016877637130802 0.023734177215189875
0 0.6592827004219409 0.37579113924050633 0.1160337552742616 0.04272151898734177
0 0.5580168776371308 0.4912974683544304 0.08227848101265822 0.030063291139240507
0 0.6413502109704642 0.4438291139240506 0.11814345991561181 0.03322784810126582
0 0.05590717299578059 0.29825949367088606 0.11181434599156118 0.030063291139240507
0 0.11194092827004219 0.3880854430379747 0.12263713080168775 0.038481012658227835
0 0.060421940928270045 0.36906645569620256 0.05227848101265823 0.015332278481012655