0 0.3618143459915612 0.7286392405063291 0.0759493670886076 0.028481012658227847
0 0.8280590717299579 0.6439873417721519 0.06751054852320675 0.02531645569620253
0 0.2088607594936709 0.34651898734177217 0.05907172995780591 0.02689873417721519
0 0.8744725738396625 0.46914556962025317 0.11814345991561181 0.030063291139240507
0 0.5432489451476793 0.19382911392405064 0.5358649789029536 0.14715189873417722
0 0.5052742616033755 0.3939873417721519 0.1540084388185654 0.05379746835443038
0 0.1550632911392405 0.7254746835443038 0.10548523206751055 0.0379746835443038
0 0.7426160337552743 0.42167721518987344 0.08227848101265822 0.056962025316455694
0 0.1571729957805907 0.7009493670886076 0.08227848101265822 0.02531645569620253
0 0.3470464135021097 0.37183544303797467 0.11814345991561181 0.04588607594936709
0 0.4419831223628692 0.4897151898734177 0.08438818565400844 0.03164556962025317
0 0.3618143459915612 0.439873417721519 0.12025316455696203 0.03639240506329114
0 0.9483122362869199 0.30933544303797467 0.10337552742616034 0.03322784810126582
0 0.8934599156118144 0.39794303797468356 0.12447257383966245 0.04113924050632911
0 0.9451476793248945 0.3805379746835443 0.052742616033755275 0.01740506329113924