0 0.4282700421940928 0.745253164556962 0.07805907172995781 0.03639240506329114
0 0.8607594936708861 0.5893987341772152 0.06962025316455696 0.03164556962025317
0 0.1719409282700422 0.39556962025316456 0.06118143459915612 0.03164556962025317
0 0.8575949367088608 0.41139240506329117 0.12025316455696203 0.04113924050632911
0 0.45675105485232065 0.19382911392405064 0.5527426160337553 0.19936708860759494
0 0.4757383966244726 0.39556962025316456 0.16033755274261605 0.06962025316455696
0 0.22468354430379747 0.7745253164556962 0.10970464135021098 0.04746835443037975
0 0.7151898734177216 0.3852848101265823 0.09282700421940929 0.06487341772151899
0 0.22046413502109705 0.75 0.08438818565400844 0.03322784810126582
0 0.3143459915611814 0.3987341772151899 0.12447257383966245 0.056962025316455694
0 0.4409282700421941 0.49920886075949367 0.08860759493670886 0.03955696202531646
0 0.34810126582278483 0.46281645569620256 0.12447257383966245 0.04746835443037975
0 0.890295358649789 0.24367088607594936 0.1160337552742616 0.04430379746835443
0 0.8565400843881856 0.33939873417721517 0.12869198312236288 0.05379746835443038
0 0.9029535864978903 0.31408227848101267 0.05485232067510549 0.022151898734177215