0 0.50071875 0.0965625 0.22979687500000004 0.14590625
0 0.2981875 0.185203125 0.16924999999999998 0.13256249999999997
0 0.1370625 0.215328125 0.0915 0.033421874999999976
0 0.240125 0.155078125 0.10525000000000002 0.05667187500000002
0 0.38215625000000003 0.07825 0.10181250000000004 0.093640625
0 0.7617812500000001 0.144671875 0.32957812499999994 0.185859375
0 0.6774218750000001 0.09065625000000001 0.18921875000000005 0.09659375
0 0.7324375 0.20978124999999997 0.282015625 0.12232812500000004
0 0.5661875000000001 0.236859375 0.10512499999999995 0.05149999999999997
0 0.47024999999999995 0.20475 0.24387500000000006 0.16851562499999997
0 0.36112500000000003 0.37934375 0.334015625 0.28334374999999995
0 0.18228125 0.31856249999999997 0.20418750000000002 0.12426562499999996
0 0.14921875 0.403828125 0.0546875 0.22604687499999992
0 0.07871875 0.42734375 0.0831875 0.051203124999999974
0 0.06673437500000001 0.5180625 0.10089062499999998 0.06703124999999996
0 0.176828125 0.558515625 0.10679687499999999 0.04168749999999992
0 0.189140625 0.627546875 0.18734375 0.09535937499999995
0 0.070578125 0.6075781250000001 0.11926562500000001 0.09917187500000005
0 0.18865625 0.766375 0.255421875 0.15114062500000003
0 0.342140625 0.7715 0.26240625 0.15201562499999993
0 0.489171875 0.624 0.33728125000000003 0.216390625
0 0.744921875 0.48265624999999995 0.382015625 0.18787500000000001
0 0.8204687500000001 0.27914062500000003 0.22468749999999993 0.11418749999999997
0 0.864921875 0.357109375 0.18578125000000006 0.088859375
0 0.91059375 0.42993750000000003 0.13820312500000007 0.08767187500000002
0 0.96640625 0.329671875 0.0671875 0.071484375
0 0.97265625 0.279921875 0.0546875 0.06262499999999997
0 0.90703125 0.638484375 0.1859375 0.12349999999999994
0 0.95546875 0.53075 0.0890625 0.136140625
0 0.91953125 0.7555156249999999 0.1609375 0.09506249999999997
0 0.6661406249999999 0.693171875 0.19789062499999996 0.08912499999999994
0 0.724890625 0.60175 0.15021874999999998 0.07192187499999995
0 0.451265625 0.9256718749999999 0.20253125 0.06037500000000016
0 0.2765 0.880875 0.14362500000000003 0.052718750000000016
0 0.325125 0.8593437500000001 0.16585937500000006 0.06521875000000002
0 0.14340625 0.8510156249999999 0.168078125 0.09856249999999989
0 0.683421875 0.8432968750000001 0.310578125 0.1862343750000001
0 0.5859062500000001 0.815421875 0.09995312500000005 0.058609374999999984
0 0.959375 0.8655156249999999 0.08125 0.08067187500000017
0 0.96796875 0.897546875 0.0640625 0.09162500000000015
0 0.83784375 0.8448437500000001 0.08507812500000007 0.0580937500000001
0 0.352453125 0.958671875 0.061171874999999966 0.03885937499999983
0 0.471875 0.96796875 0.175 0.0640625