0 0.44296875 0.10078125 0.2484375 0.1765625
0 0.65625 0.16015625 0.1859375 0.1546875
0 0.81953125 0.16796875 0.0953125 0.0453125
0 0.709375 0.12265625 0.1125 0.0703125
0 0.5578125 0.065625 0.1140625 0.10625
0 0.19140625 0.184375 0.3515625 0.2296875
0 0.2671875 0.11953125 0.2015625 0.121875
0 0.2296875 0.2453125 0.296875 0.1609375
0 0.39765625 0.2484375 0.1109375 0.065625
0 0.48828125 0.203125 0.265625 0.2015625
0 0.62109375 0.3609375 0.3703125 0.3265625
0 0.7890625 0.27578125 0.21875 0.1515625
0 0.83359375 0.35625 0.0859375 0.23125
0 0.90703125 0.36953125 0.0890625 0.0625
0 0.93125 0.4578125 0.109375 0.0796875
0 0.828125 0.51328125 0.1109375 0.05625
0 0.82578125 0.5828125 0.1984375 0.1203125
0 0.93671875 0.54609375 0.1265625 0.1140625
0 0.8453125 0.7203125 0.2734375 0.1859375
0 0.69375 0.746875 0.28125 0.1875
0 0.528125 0.62109375 0.3640625 0.2609375
0 0.2546875 0.5171875 0.4046875 0.2390625
0 0.1515625 0.32578125 0.2390625 0.14375
0 0.11875 0.409375 0.196875 0.1140625
0 0.08359375 0.4875 0.1484375 0.10625
0 0.02578125 0.39609375 0.0515625 0.0796875
0 0.01640625 0.34765625 0.0328125 0.0703125
0 0.11640625 0.69375 0.2015625 0.1484375
0 0.053125 0.59375 0.10625 0.146875
0 0.1203125 0.81171875 0.171875 0.1171875
0 0.3625 0.7140625 0.2078125 0.115625
0 0.29140625 0.63203125 0.159375 0.0921875
0 0.6078125 0.91484375 0.209375 0.0875
0 0.77421875 0.84609375 0.15 0.071875
0 0.7234375 0.83125 0.1734375 0.0875
0 0.90234375 0.79765625 0.1796875 0.1203125
0 0.36640625 0.865625 0.3328125 0.228125
0 0.45859375 0.82421875 0.1078125 0.071875
0 0.09609375 0.92578125 0.0921875 0.090625
0 0.09140625 0.95390625 0.0765625 0.0921875
0 0.21328125 0.88828125 0.0921875 0.06875
0 0.71015625 0.93359375 0.065625 0.046875
0 0.59296875 0.9578125 0.1828125 0.084375