0 0.50625 0.096875 0.2328125 0.15
0 0.70703125 0.1890625 0.171875 0.1359375
0 0.86796875 0.221875 0.0921875 0.034375
0 0.765625 0.159375 0.10625 0.0578125
0 0.625 0.08046875 0.103125 0.0953125
0 0.24453125 0.13984375 0.3328125 0.1921875
0 0.3296875 0.0875 0.190625 0.1
0 0.27265625 0.20546875 0.284375 0.1265625
0 0.43828125 0.2359375 0.10625 0.053125
0 0.53515625 0.20546875 0.246875 0.1734375
0 0.640625 0.38203125 0.3390625 0.2890625
0 0.82109375 0.32421875 0.20625 0.128125
0 0.85234375 0.41015625 0.059375 0.2265625
0 0.92265625 0.434375 0.084375 0.053125
0 0.9328125 0.52578125 0.1015625 0.06875
0 0.821875 0.5640625 0.1078125 0.04375
0 0.80859375 0.6328125 0.1890625 0.0984375
0 0.92734375 0.61484375 0.1203125 0.1015625
0 0.80703125 0.771875 0.2578125 0.15625
0 0.653125 0.77421875 0.265625 0.15625
0 0.50859375 0.62421875 0.340625 0.221875
0 0.25546875 0.478125 0.3859375 0.19375
0 0.18359375 0.2734375 0.2265625 0.11875
0 0.1375 0.35078125 0.1875 0.0921875
0 0.090625 0.42265625 0.1390625 0.090625
0 0.03671875 0.321875 0.06875 0.071875
0 0.03125 0.271875 0.05625 0.0640625
0 0.0921875 0.63046875 0.184375 0.1265625
0 0.04453125 0.521875 0.0890625 0.1375
0 0.078125 0.74765625 0.15625 0.0984375
0 0.33046875 0.690625 0.2 0.0921875
0 0.2734375 0.59765625 0.1515625 0.075
0 0.54140625 0.9265625 0.203125 0.0640625
0 0.7171875 0.884375 0.14375 0.0546875
0 0.66875 0.8625 0.1671875 0.06875
0 0.85078125 0.85703125 0.1703125 0.1015625
0 0.3109375 0.83984375 0.3140625 0.1921875
0 0.40859375 0.8140625 0.1015625 0.0609375
0 0.0375 0.85703125 0.075 0.0828125
0 0.02890625 0.88828125 0.0578125 0.0921875
0 0.15625 0.8390625 0.0859375 0.059375
0 0.63984375 0.9609375 0.0625 0.040625
0 0.51953125 0.9671875 0.1765625 0.065625