0 0.169546875 0.38289062500000004 0.17971875 0.1623125
0 0.167375 0.22757812500000002 0.10348437500000003 0.117296875
0 0.67809375 0.3932343749999999 0.20943749999999994 0.18610937499999997
0 0.882375 0.372828125 0.2290156249999999 0.2546875
0 0.535015625 0.567125 0.27059374999999997 0.17453125000000008
0 0.341234375 0.507140625 0.30814062500000006 0.21392187499999996
0 0.026203125 0.339046875 0.05240625 0.15275
0 0.06371875 0.48646874999999995 0.12742187500000002 0.14134375000000005
0 0.10259375 0.45199999999999996 0.11981250000000002 0.06301562500000006
0 0.18696875 0.596640625 0.2385625 0.09604687500000005
0 0.13803125 0.667125 0.15106250000000002 0.07454687500000005
0 0.0799375 0.720421875 0.0995 0.06262500000000007
0 0.248015625 0.727984375 0.138359375 0.08064062500000002
0 0.408984375 0.7727812499999999 0.08982812500000001 0.057734374999999984
0 0.2149375 0.7970156249999999 0.086140625 0.059296874999999985
0 0.17040625 0.8186249999999999 0.0751875 0.049406249999999916
0 0.353765625 0.8531875 0.06690624999999999 0.049765624999999855
0 0.339703125 0.80065625 0.045015625000000004 0.03534374999999992
0 0.43459375 0.63909375 0.14418749999999997 0.07782812499999991
0 0.5704374999999999 0.760546875 0.12473437500000006 0.09887499999999996
0 0.458796875 0.845453125 0.054265625000000026 0.037437500000000054
0 0.43484375000000003 0.8794062500000001 0.060328125000000024 0.033453125000000125
0 0.6986718749999999 0.82496875 0.10890625000000007 0.08396875000000001
0 0.706578125 0.7369375 0.12748437500000004 0.07664062499999993
0 0.633375 0.64334375 0.23949999999999996 0.18323437499999998
0 0.796515625 0.571984375 0.13509375000000007 0.10923437499999995
0 0.8984375 0.54525 0.20001562499999997 0.1932656249999999
0 0.9357656249999999 0.43637499999999996 0.11909375000000004 0.11926562500000001
0 0.84825 0.46293749999999995 0.14410937500000004 0.14115625000000004
0 0.9059062499999999 0.633109375 0.12882812500000007 0.13148437499999996
0 0.7870468749999999 0.712359375 0.08839062500000008 0.08687500000000004
0 0.752921875 0.667484375 0.153515625 0.08773437499999996
0 0.8440937500000001 0.8563906250000001 0.07743749999999991 0.06556250000000005
0 0.40617187499999996 0.843109375 0.05132812500000004 0.03479687499999997