0 0.19453125 0.32734375 0.2046875 0.190625
0 0.21953125 0.17421875 0.121875 0.1328125
0 0.69375 0.42578125 0.2390625 0.2203125
0 0.88125 0.440625 0.2375 0.290625
0 0.52265625 0.571875 0.296875 0.21875
0 0.3421875 0.4796875 0.340625 0.2640625
0 0.06171875 0.259375 0.078125 0.159375
0 0.0734375 0.41015625 0.146875 0.1609375
0 0.1171875 0.38359375 0.1296875 0.0828125
0 0.175 0.540625 0.2515625 0.1359375
0 0.11484375 0.6015625 0.1609375 0.1
0 0.05078125 0.64296875 0.1015625 0.0796875
0 0.2125 0.68046875 0.15 0.103125
0 0.36328125 0.753125 0.0984375 0.071875
0 0.16796875 0.74296875 0.0953125 0.0734375
0 0.1203125 0.75625 0.0828125 0.0609375
0 0.29453125 0.82265625 0.075 0.0609375
0 0.28984375 0.76796875 0.05 0.0421875
0 0.41171875 0.62578125 0.15625 0.1015625
0 0.52421875 0.76875 0.140625 0.11875
0 0.39921875 0.8328125 0.059375 0.046875
0 0.3703125 0.8625 0.065625 0.04375
0 0.6390625 0.8546875 0.121875 0.1015625
0 0.6625 0.76953125 0.1390625 0.096875
0 0.60625 0.6640625 0.2671875 0.221875
0 0.7796875 0.62265625 0.1515625 0.13125
0 0.884375 0.6140625 0.23125 0.225
0 0.93515625 0.5125 0.1296875 0.1375
0 0.84921875 0.52421875 0.1671875 0.1640625
0 0.8765625 0.7015625 0.15 0.1515625
0 0.74609375 0.75859375 0.1015625 0.1015625
0 0.7203125 0.70859375 0.1671875 0.1125
0 0.77734375 0.9109375 0.0875 0.078125
0 0.34765625 0.821875 0.05625 0.04375