0 0.1640625 0.4 0.1875 0.171875
0 0.15390625 0.2453125 0.109375 0.121875
0 0.671875 0.384375 0.21875 0.196875
0 0.875 0.353125 0.2421875 0.265625
0 0.53828125 0.56484375 0.2796875 0.1890625
0 0.3421875 0.515625 0.31875 0.2296875
0 0.02421875 0.36328125 0.0484375 0.1546875
0 0.06484375 0.50859375 0.1296875 0.1484375
0 0.10078125 0.47265625 0.1234375 0.06875
0 0.1921875 0.61328125 0.24375 0.1078125
0 0.14765625 0.6859375 0.1546875 0.0828125
0 0.0921875 0.7421875 0.103125 0.0671875
0 0.26015625 0.740625 0.1421875 0.0875
0 0.4234375 0.77734375 0.0921875 0.0625
0 0.23125 0.81171875 0.0890625 0.0640625
0 0.1875 0.83515625 0.078125 0.053125
0 0.37265625 0.86015625 0.06875 0.053125
0 0.35546875 0.80859375 0.046875 0.0375
0 0.4421875 0.6421875 0.1484375 0.0859375
0 0.58359375 0.75625 0.1296875 0.1046875
0 0.4765625 0.846875 0.05625 0.040625
0 0.4546875 0.88203125 0.0625 0.0359375
0 0.715625 0.8140625 0.1125 0.0890625
0 0.71875 0.72578125 0.13125 0.0828125
0 0.640625 0.6359375 0.2484375 0.1953125
0 0.8 0.55625 0.140625 0.115625
0 0.89765625 0.5234375 0.2046875 0.203125
0 0.93203125 0.41328125 0.125 0.125
0 0.84609375 0.44453125 0.1515625 0.1484375
0 0.9125 0.61171875 0.1359375 0.1375
0 0.79765625 0.696875 0.0921875 0.090625
0 0.76171875 0.65390625 0.1578125 0.0953125
0 0.8625 0.83828125 0.08125 0.06875
0 0.42421875 0.84765625 0.053125 0.0375