0 0.9578125 0.1734375 0.0375 0.0578125
0 0.96640625 0.153125 0.0234375 0.0578125
0 0.7984375 0.6828125 0.021875 0.109375
0 0.878125 0.88125 0.05 0.0796875
0 0.8734375 0.9203125 0.0578125 0.0609375
0 0.52421875 0.890625 0.05625 0.103125
0 0.52734375 0.78046875 0.0578125 0.0640625
0 0.3734375 0.79453125 0.0546875 0.0890625
0 0.18828125 0.88515625 0.0546875 0.0390625
0 0.02421875 0.62578125 0.034375 0.0609375
0 0.1703125 0.54453125 0.0453125 0.05625
0 0.14609375 0.54921875 0.0234375 0.0453125
0 0.3625 0.41328125 0.03125 0.040625
0 0.2296875 0.80625 0.0375 0.0375
0 0.134375 0.7 0.034375 0.0296875
0 0.44609375 0.74921875 0.0359375 0.028125
0 0.403125 0.90234375 0.0390625 0.025
0 0.49609375 0.8328125 0.040625 0.0484375
0 0.4609375 0.459375 0.1578125 0.2265625
0 0.6625 0.4046875 0.29375 0.1609375
0 0.77265625 0.29609375 0.059375 0.3015625
0 0.76328125 0.54765625 0.153125 0.203125
0 0.21796875 0.353125 0.075 0.071875