0 0.065625 0.1421875 0.0421875 0.0609375
0 0.059375 0.121875 0.028125 0.0578125
0 0.1890625 0.66171875 0.0296875 0.1109375
0 0.09609375 0.85390625 0.05625 0.0828125
0 0.0984375 0.89296875 0.0625 0.065625
0 0.4484375 0.88828125 0.0640625 0.10625
0 0.453125 0.778125 0.0609375 0.0671875
0 0.60546875 0.803125 0.059375 0.0921875
0 0.78359375 0.90625 0.05625 0.0421875
0 0.96640625 0.65859375 0.0375 0.0625
0 0.82578125 0.5671875 0.0484375 0.0578125
0 0.84921875 0.5734375 0.0265625 0.046875
0 0.64296875 0.4234375 0.0328125 0.0421875
0 0.7484375 0.82421875 0.040625 0.0390625
0 0.85078125 0.725 0.0359375 0.0328125
0 0.53671875 0.75234375 0.0375 0.03125
0 0.56875 0.9078125 0.040625 0.0265625
0 0.48125 0.8328125 0.04375 0.05
0 0.54140625 0.4625 0.171875 0.234375
0 0.34453125 0.39375 0.3015625 0.1796875
0 0.2421875 0.27734375 0.0796875 0.3015625
0 0.234375 0.52890625 0.165625 0.2109375
0 0.7921875 0.37265625 0.078125 0.075