0 0.9796875 0.20625 0.034375 0.05625
0 0.9890625 0.18671875 0.0203125 0.05625
0 0.78515625 0.703125 0.0140625 0.109375
0 0.85078125 0.90703125 0.0453125 0.0765625
0 0.84296875 0.9453125 0.0546875 0.0578125
0 0.496875 0.89140625 0.05 0.1
0 0.5078125 0.78203125 0.053125 0.0609375
0 0.353125 0.78515625 0.0484375 0.0859375
0 0.1625 0.8625 0.0515625 0.0359375
0 0.01640625 0.5921875 0.0296875 0.059375
0 0.16796875 0.52109375 0.0421875 0.053125
0 0.14375 0.52421875 0.0203125 0.04375
0 0.36875 0.40390625 0.028125 0.0390625
0 0.20859375 0.78671875 0.0359375 0.034375
0 0.12109375 0.67421875 0.0328125 0.028125
0 0.42890625 0.74453125 0.034375 0.0265625
0 0.375 0.89453125 0.0375 0.021875
0 0.47265625 0.83203125 0.0375 0.0453125
0 0.46403125 0.45704687499999996 0.14367187500000003 0.21685937499999994
0 0.66875 0.416578125 0.284359375 0.1421875
0 0.78628125 0.315625 0.03818750000000008 0.299640625
0 0.7590312499999999 0.565828125 0.13992187499999992 0.19379687499999995
0 0.22865625 0.333484375 0.06982812499999999 0.06662499999999998