0 0.090625 0.43046875 0.18125 0.1421875
0 0.0875 0.359375 0.0828125 0.08125
0 0.33671875 0.37421875 0.0390625 0.04375
0 0.20625 0.7984375 0.0375 0.0671875
0 0.328125 0.87578125 0.05 0.059375
0 0.721875 0.97578125 0.090625 0.0484375
0 0.66328125 0.8625 0.034375 0.10625
0 0.8296875 0.771875 0.065625 0.0765625
0 0.0171875 0.5046875 0.034375 0.053125
0 0.04765625 0.4640625 0.0703125 0.0375
0 0.0828125 0.66796875 0.0546875 0.04375
0 0.27421875 0.63125 0.20625 0.1296875
0 0.74921875 0.27109375 0.21875 0.3515625
0 0.771875 0.43515625 0.1625 0.2125
0 0.83359375 0.5265625 0.1953125 0.2
0 0.6703125 0.71796875 0.0765625 0.159375
0 0.571875 0.77578125 0.165625 0.134375