0 0.08359375 0.5171875 0.1671875 0.109375
0 0.0671875 0.4484375 0.0703125 0.06875
0 0.3140625 0.4109375 0.03125 0.0375
0 0.275 0.853125 0.025 0.0640625
0 0.41015625 0.903125 0.040625 0.0515625
0 0.8203125 0.93828125 0.078125 0.071875
0 0.73515625 0.8203125 0.0125 0.10625
0 0.87890625 0.69765625 0.053125 0.0671875
0 0.021875 0.60625 0.040625 0.0453125
0 0.05 0.55859375 0.0671875 0.0234375
0 0.1265625 0.75078125 0.0484375 0.034375
0 0.30671875000000004 0.6754687500000001 0.19156250000000002 0.09121874999999999
0 0.696078125 0.224375 0.15467187500000001 0.32653124999999994
0 0.7520781249999999 0.379859375 0.12603124999999996 0.190625
0 0.831859375 0.45695312499999996 0.16373437499999993 0.16979687499999999
0 0.711796875 0.6780781250000001 0.04545312500000005 0.15267187500000007
0 0.6279375 0.75446875 0.146484375 0.10546875