0 0.08515625 0.48828125 0.1703125 0.1203125
0 0.071875 0.41875 0.075 0.0734375
0 0.32109375 0.3984375 0.034375 0.0390625
0 0.25078125 0.83671875 0.0296875 0.065625
0 0.38203125 0.89609375 0.04375 0.0546875
0 0.7890625 0.959375 0.0828125 0.0765625
0 0.7125 0.8359375 0.0203125 0.10625
0 0.8640625 0.7234375 0.0578125 0.0703125
0 0.01875 0.57265625 0.0375 0.0484375
0 0.046875 0.52734375 0.06875 0.028125
0 0.11015625 0.72421875 0.05 0.0375
0 0.2953125 0.66171875 0.196875 0.1046875
0 0.71484375 0.2390625 0.1765625 0.3359375
0 0.76015625 0.39765625 0.1390625 0.1984375
0 0.834375 0.48046875 0.175 0.18125
0 0.69921875 0.6921875 0.05625 0.15625
0 0.61015625 0.7625 0.153125 0.115625