0 0.9484375 0.5859375 0.0984375 0.0796875
0 0.91328125 0.834375 0.0921875 0.1
0 0.76640625 0.834375 0.0203125 0.1171875
0 0.78828125 0.85859375 0.04375 0.0859375
0 0.71640625 0.96015625 0.0328125 0.078125
0 0.11953125 0.66015625 0.053125 0.1296875
0 0.2875 0.4234375 0.03125 0.0296875
0 0.1671875 0.80625 0.0640625 0.0796875
0 0.134375 0.74140625 0.03125 0.053125
0 0.21875 0.91640625 0.0484375 0.0390625
0 0.220421875 0.256046875 0.27521874999999996 0.14924999999999997
0 0.5335468750000001 0.636234375 0.12040624999999991 0.27524999999999994
0 0.6264375 0.6218125 0.12837499999999996 0.16517187500000005