0 0.95078125 0.546875 0.0984375 0.0875
0 0.940625 0.796875 0.1 0.1078125
0 0.79453125 0.81015625 0.0296875 0.11875
0 0.81875 0.83203125 0.0515625 0.0890625
0 0.75546875 0.93984375 0.0390625 0.08125
0 0.13515625 0.69296875 0.0640625 0.134375
0 0.28125 0.4421875 0.034375 0.0328125
0 0.1953125 0.834375 0.0703125 0.084375
0 0.15703125 0.77265625 0.0359375 0.05625
0 0.25625 0.9390625 0.0515625 0.04375
0 0.2 0.28125 0.2875 0.1734375
0 0.5453125 0.6328125 0.14375 0.284375
0 0.63671875 0.61015625 0.1421875 0.175