0 0.17109375 0.175 0.028125 0.1296875
0 0.89921875 0.66640625 0.103125 0.0859375
0 0.94296875 0.86171875 0.1125 0.140625
0 0.2625 0.47578125 0.0484375 0.034375
0 0.21171875 0.87578125 0.0671875 0.121875
0 0.45234375 0.871875 0.090625 0.1640625
0 0.78125 0.9296875 0.028125 0.084375
0 0.40703125 0.5125 0.0390625 0.0203125
0 0.35859375 0.31484375 0.021875 0.0234375
0 0.27734375 0.36875 0.028125 0.0140625
0 0.165625 0.84296875 0.0328125 0.059375
0 0.5608125 0.8208125000000001 0.07212499999999995 0.17564062500000005