0 0.58984375 0.79609375 0.115625 0.1140625
0 0.75390625 0.1171875 0.0453125 0.1109375
0 0.946875 0.12421875 0.0765625 0.078125
0 0.95625 0.5453125 0.0875 0.128125
0 0.82890625 0.67578125 0.065625 0.075
0 0.7296875 0.6890625 0.1140625 0.0796875
0 0.484375 0.79375 0.0515625 0.0890625
0 0.79609375 0.83046875 0.046875 0.05
0 0.8234375 0.834375 0.0359375 0.0796875
0 0.93671875 0.76484375 0.065625 0.053125
0 0.91953125 0.678125 0.0421875 0.0484375
0 0.90390625 0.6234375 0.0359375 0.06875
0 0.80546875 0.5140625 0.0296875 0.046875
0 0.7671875 0.8796875 0.065625 0.03125
0 0.83984375 0.44765625 0.1703125 0.1734375
0 0.27265625 0.73046875 0.1296875 0.1125