0 0.35 0.7703125 0.109375 0.10625
0 0.33125 0.07265625 0.0390625 0.109375
0 0.14140625 0.03984375 0.071875 0.0734375
0 0.025 0.26484375 0.0234375 0.0640625
0 0.0421875 0.44921875 0.084375 0.1234375
0 0.1421875 0.603125 0.0609375 0.0703125
0 0.2359375 0.6375 0.1109375 0.0734375
0 0.45390625 0.790625 0.046875 0.0875
0 0.1421875 0.76171875 0.04375 0.0484375
0 0.1140625 0.759375 0.0296875 0.078125
0 0.02421875 0.6671875 0.0484375 0.05
0 0.053125 0.58671875 0.0390625 0.046875
0 0.07890625 0.53671875 0.03125 0.0671875
0 0.1984375 0.45 0.0265625 0.0453125
0 0.16015625 0.81640625 0.0640625 0.028125
0 0.178125 0.378125 0.1609375 0.1640625
0 0.67421875 0.77265625 0.1234375 0.1046875