0 0.36953125 0.78046875 0.103125 0.1
0 0.3015625 0.08515625 0.03125 0.1078125
0 0.11015625 0.065625 0.0671875 0.06875
0 0.009375 0.2984375 0.01875 0.0625
0 0.0390625 0.48125 0.078125 0.11875
0 0.15 0.628125 0.05625 0.0671875
0 0.24609375 0.65546875 0.10625 0.065625
0 0.47421875 0.79296875 0.040625 0.084375
0 0.1609375 0.7859375 0.040625 0.0453125
0 0.1328125 0.7859375 0.025 0.0765625
0 0.03046875 0.7015625 0.059375 0.0453125
0 0.06015625 0.61796875 0.0359375 0.04375
0 0.0828125 0.565625 0.0265625 0.065625
0 0.1953125 0.47109375 0.0234375 0.04375
0 0.1828125 0.8390625 0.0625 0.0234375
0 0.17040625 0.40078125 0.150203125 0.15432812499999998
0 0.69303125 0.759859375 0.11706249999999993 0.09748437499999998