0 0.40859375 0.8296875 0.1296875 0.0953125
0 0.6046875 0.07109375 0.059375 0.1421875
0 0.81796875 0.68125 0.084375 0.05
0 0.8484375 0.62890625 0.0625 0.1484375
0 0.82109375 0.734375 0.0515625 0.078125
0 0.73203125 0.6640625 0.05 0.0375
0 0.55 0.8953125 0.028125 0.065625
0 0.92734375 0.50078125 0.0640625 0.0671875
0 0.765625 0.46953125 0.0328125 0.0875
0 0.8921875 0.75078125 0.0609375 0.05625
0 0.95078125 0.7125 0.0859375 0.15
0 0.934375 0.66875 0.0703125 0.0765625
0 0.971875 0.5015625 0.046875 0.046875
0 0.93203125 0.75703125 0.0734375 0.040625
0 0.496875 0.6140625 0.2 0.334375
0 0.67421875 0.44296875 0.1765625 0.1078125
0 0.715625 0.14609375 0.1453125 0.2328125
0 0.896875 0.19296875 0.1078125 0.1234375
0 0.86484375 0.3390625 0.1671875 0.1703125