0 0.6734375 0.79453125 0.1203125 0.078125
0 0.28828125 0.1125 0.0375 0.14375
0 0.23984375 0.7578125 0.08125 0.0390625
0 0.196875 0.71484375 0.040625 0.146875
0 0.25 0.809375 0.040625 0.0734375
0 0.31796875 0.71875 0.046875 0.0296875
0 0.5546875 0.89453125 0.01875 0.0640625
0 0.0875 0.61171875 0.05625 0.0609375
0 0.23515625 0.53984375 0.0203125 0.0859375
0 0.1859375 0.84375 0.05625 0.05
0 0.11953125 0.821875 0.065625 0.14375
0 0.12421875 0.77578125 0.0609375 0.06875
0 0.04453125 0.6234375 0.040625 0.040625
0 0.15 0.86015625 0.0703125 0.0296875
0 0.5328125 0.609375 0.1546875 0.31875
0 0.3171875 0.48984375 0.1671875 0.084375
0 0.2 0.2140625 0.1140625 0.221875
0 0.04140625 0.30625 0.0828125 0.1125
0 0.10625 0.4390625 0.1484375 0.15