0 0.6578125 0.803125 0.1171875 0.071875
0 0.30859375 0.1015625 0.0296875 0.1421875
0 0.2265625 0.74375 0.0796875 0.034375
0 0.1859375 0.6984375 0.0328125 0.1453125
0 0.234375 0.79609375 0.0375 0.071875
0 0.30703125 0.70859375 0.0453125 0.028125
0 0.53359375 0.896875 0.015625 0.0640625
0 0.08203125 0.58984375 0.053125 0.0578125
0 0.23359375 0.52578125 0.015625 0.0859375
0 0.16875 0.8265625 0.053125 0.046875
0 0.103125 0.8015625 0.0578125 0.140625
0 0.11015625 0.75546875 0.0578125 0.065625
0 0.0390625 0.59921875 0.0390625 0.0390625
0 0.13125 0.84140625 0.06875 0.0265625
0 0.5267031249999999 0.610890625 0.1377812499999999 0.3120625
0 0.317828125 0.48029687499999996 0.16378125 0.07587499999999991
0 0.215203125 0.1989375 0.10228124999999996 0.21626562499999996
0 0.048 0.282265625 0.086625 0.10793749999999998
0 0.109640625 0.41875 0.14115625 0.14340624999999996