0 0.08359375 0.04609375 0.0859375 0.0921875
0 0.07421875 0.10859375 0.0890625 0.1671875
0 0.58828125 0.5484375 0.0859375 0.059375
0 0.65859375 0.75625 0.103125 0.065625
0 0.49765625 0.6984375 0.0828125 0.0578125
0 0.4765625 0.8109375 0.0875 0.0578125
0 0.4875 0.865625 0.0859375 0.0546875
0 0.428125 0.953125 0.0671875 0.065625
0 0.52421875 0.96171875 0.0453125 0.021875
0 0.2078125 0.58671875 0.0546875 0.0703125
0 0.10859375 0.56640625 0.1046875 0.1234375
0 0.04296875 0.565625 0.065625 0.046875
0 0.0578125 0.5328125 0.040625 0.0609375
0 0.08828125 0.48203125 0.0359375 0.0703125
0 0.4015625 0.5515625 0.040625 0.0765625
0 0.28671875 0.7 0.05625 0.046875
0 0.1328125 0.70546875 0.0671875 0.0421875
0 0.1015625 0.64375 0.0890625 0.0671875
0 0.109375 0.81484375 0.04375 0.040625
0 0.24765625 0.85703125 0.04375 0.034375
0 0.1296875 0.87421875 0.05625 0.059375
0 0.3453125 0.95 0.059375 0.0328125
0 0.078125 0.76171875 0.040625 0.0734375
0 0.66484375 0.61796875 0.1765625 0.1015625
0 0.3734375 0.70078125 0.146875 0.1140625