0 0.5890625 0.65703125 0.078125 0.065625
0 0.6296875 0.7640625 0.096875 0.0546875
0 0.50234375 0.846875 0.0875 0.0546875
0 0.59765625 0.93359375 0.0875 0.0640625
0 0.6796875 0.915625 0.040625 0.03125
0 0.52265625 0.93125 0.059375 0.0421875
0 0.36171875 0.78046875 0.0515625 0.0390625
0 0.42734375 0.61640625 0.0390625 0.0734375
0 0.18984375 0.69453125 0.10625 0.1296875
0 0.1671875 0.6328125 0.0796875 0.1046875
0 0.01953125 0.20390625 0.0390625 0.0953125
0 0.14609375 0.734375 0.128125 0.1125
0 0.2171875 0.78828125 0.0765625 0.0453125
0 0.246875 0.91875 0.0609375 0.0765625
0 0.08828125 0.66796875 0.05625 0.0484375
0 0.74609375 0.45546875 0.128125 0.1546875
0 0.6125 0.4734375 0.1109375 0.1015625
0 0.80625 0.671875 0.0953125 0.09375