0 0.5515625 0.67265625 0.0703125 0.0546875
0 0.5671875 0.78671875 0.090625 0.0375
0 0.42421875 0.83828125 0.08125 0.040625
0 0.49765625 0.94453125 0.08125 0.05
0 0.58125 0.9453125 0.0359375 0.025
0 0.425 0.925 0.0546875 0.0328125
0 0.30234375 0.7421875 0.046875 0.03125
0 0.403125 0.596875 0.0265625 0.0703125
0 0.15390625 0.61953125 0.0859375 0.115625
0 0.14609375 0.5546875 0.0625 0.0953125
0 0.06015625 0.09453125 0.1078125 0.0765625
0 0.103125 0.6484375 0.1140625 0.0921875
0 0.159375 0.7171875 0.071875 0.0328125
0 0.159375 0.85078125 0.05 0.0703125
0 0.0609375 0.57109375 0.0484375 0.040625
0 0.75 0.51171875 0.1046875 0.1375
0 0.615625 0.49921875 0.0984375 0.0859375
0 0.759375 0.7359375 0.08125 0.0796875