0 0.5546875 0.671875 0.06875 0.053125
0 0.571875 0.78515625 0.090625 0.0359375
0 0.43046875 0.83984375 0.08125 0.0390625
0 0.50546875 0.94453125 0.0796875 0.0484375
0 0.5890625 0.94375 0.0359375 0.025
0 0.4328125 0.9265625 0.0546875 0.03125
0 0.30625 0.7453125 0.046875 0.0296875
0 0.4046875 0.5984375 0.025 0.0703125
0 0.15625 0.62578125 0.084375 0.1140625
0 0.146875 0.5609375 0.0609375 0.09375
0 0.053125 0.10234375 0.10625 0.075
0 0.10546875 0.65546875 0.1125 0.090625
0 0.16328125 0.7234375 0.071875 0.03125
0 0.165625 0.85703125 0.0484375 0.06875
0 0.0625 0.57890625 0.0484375 0.0390625
0 0.7498125 0.50721875 0.10276562499999997 0.13595312499999998
0 0.6159375 0.49731249999999994 0.09625000000000003 0.08351562500000007
0 0.7637031249999999 0.73171875 0.08054687499999993 0.07871874999999999