0 0.625 0.66953125 0.0671875 0.0671875
0 0.684375 0.7375 0.0515625 0.059375
0 0.59453125 0.9234375 0.0828125 0.0421875
0 0.65078125 0.93359375 0.0359375 0.0265625
0 0.51640625 0.89921875 0.059375 0.0375
0 0.36484375 0.8078125 0.08125 0.0453125
0 0.3484375 0.74765625 0.065625 0.0359375
0 0.41796875 0.60625 0.0546875 0.0453125
0 0.13671875 0.66328125 0.1046875 0.10625
0 0.21171875 0.6859375 0.0640625 0.03125
0 0.06640625 0.51875 0.0671875 0.0453125
0 0.034375 0.37109375 0.06875 0.1203125
0 0.0125 0.1046875 0.025 0.075
0 0.29375 0.68046875 0.01875 0.0515625
0 0.23359375 0.83203125 0.05 0.0703125
0 0.075 0.59765625 0.04375 0.025
0 0.06171875 0.66015625 0.0125 0.0515625
0 0.028125 0.43671875 0.0359375 0.0703125
0 0.707703125 0.35926562500000003 0.09084374999999997 0.06507812499999996
0 0.8622500000000001 0.45078125 0.055734375000000114 0.12934374999999995
0 0.8367968749999999 0.734421875 0.020484374999999843 0.062234375000000064