0 0.33984375 0.63671875 0.08125 0.08125
0 0.2671875 0.68984375 0.0640625 0.06875
0 0.3125 0.89140625 0.090625 0.059375
0 0.25546875 0.88828125 0.040625 0.034375
0 0.39453125 0.88515625 0.065625 0.05
0 0.5625 0.83046875 0.0890625 0.0625
0 0.5921875 0.77578125 0.071875 0.05
0 0.55625 0.621875 0.0640625 0.05625
0 0.8171875 0.740625 0.1265625 0.1265625
0 0.7390625 0.74609375 0.06875 0.0453125
0 0.91796875 0.615625 0.075 0.059375
0 0.96796875 0.47890625 0.0640625 0.1328125
0 0.66015625 0.721875 0.0296875 0.0546875
0 0.68515625 0.88359375 0.0640625 0.0796875
0 0.8921875 0.690625 0.0484375 0.034375
0 0.89140625 0.7546875 0.0234375 0.053125
0 0.97421875 0.54453125 0.0515625 0.0765625
0 0.32890625 0.31640625 0.103125 0.084375
0 0.1578125 0.3703125 0.0828125 0.1390625
0 0.11875 0.65234375 0.034375 0.065625