0 0.3453125 0.6421875 0.078125 0.078125
0 0.2734375 0.69765625 0.0625 0.06875
0 0.3265625 0.89765625 0.0890625 0.0578125
0 0.26953125 0.896875 0.040625 0.0328125
0 0.4078125 0.8890625 0.065625 0.0484375
0 0.57421875 0.828125 0.0890625 0.059375
0 0.6015625 0.771875 0.071875 0.0484375
0 0.56015625 0.6203125 0.0625 0.0546875
0 0.82578125 0.7296875 0.1234375 0.125
0 0.74765625 0.7375 0.06875 0.0421875
0 0.921875 0.60078125 0.075 0.0578125
0 0.96796875 0.4625 0.0640625 0.13125
0 0.66796875 0.71640625 0.028125 0.0546875
0 0.6984375 0.8765625 0.0625 0.078125
0 0.8984375 0.67734375 0.0484375 0.0328125
0 0.9 0.740625 0.021875 0.053125
0 0.975 0.528125 0.0484375 0.0765625
0 0.32265625 0.321875 0.1015625 0.08125
0 0.15390625 0.3828125 0.0796875 0.1375
0 0.125 0.665625 0.03125 0.065625