0 0.8171875 0.13515625 0.1125 0.06875
0 0.7984375 0.05859375 0.040625 0.034375
0 0.97265625 0.13671875 0.0546875 0.1078125
0 0.96953125 0.40703125 0.0609375 0.1140625
0 0.9921875 0.30625 0.015625 0.040625
0 0.90390625 0.3140625 0.028125 0.0859375
0 0.83828125 0.58359375 0.078125 0.0375
0 0.59609375 0.853125 0.0828125 0.05
0 0.553125 0.83515625 0.0265625 0.0328125
0 0.57265625 0.58125 0.05 0.0453125
0 0.1640625 0.4375 0.05 0.0703125
0 0.021875 0.54375 0.04375 0.071875
0 0.1359375 0.78359375 0.0421875 0.0375
0 0.20078125 0.8 0.0375 0.040625
0 0.26953125 0.7390625 0.0640625 0.059375
0 0.36171875 0.84921875 0.04375 0.0734375
0 0.2578125 0.94375 0.0609375 0.028125
0 0.3296875 0.971875 0.040625 0.0328125
0 0.64609375 0.79609375 0.1015625 0.06875
0 0.64921875 0.76875 0.0640625 0.05625
0 0.7109375 0.81171875 0.040625 0.053125
0 0.7578125 0.790625 0.0421875 0.0625
0 0.865625 0.74921875 0.0375 0.0375
0 0.79375 0.725 0.03125 0.0203125
0 0.76796875 0.4578125 0.0109375 0.0640625
0 0.375 0.93125 0.034375 0.0265625
0 0.5296875 0.2390625 0.146875 0.13125
0 0.9109375 0.603125 0.05625 0.0875