0 0.1140625 0.20859375 0.1234375 0.090625
0 0.11640625 0.13046875 0.0453125 0.040625
0 0.03046875 0.50703125 0.0609375 0.1234375
0 0.06640625 0.40234375 0.0453125 0.0875
0 0.18671875 0.65234375 0.0828125 0.0515625
0 0.47890625 0.86484375 0.090625 0.065625
0 0.51796875 0.83828125 0.03125 0.0359375
0 0.4453125 0.59453125 0.0578125 0.0546875
0 0.815625 0.36875 0.0625 0.078125
0 0.97421875 0.44375 0.0515625 0.078125
0 0.91484375 0.7015625 0.0484375 0.0453125
0 0.8546875 0.73125 0.04375 0.046875
0 0.775 0.6859375 0.075 0.071875
0 0.7078125 0.81328125 0.05625 0.0796875
0 0.82890625 0.88359375 0.0640625 0.040625
0 0.76484375 0.92578125 0.0453125 0.0390625
0 0.41875 0.81953125 0.1125 0.0875
0 0.41015625 0.79375 0.0734375 0.06875
0 0.35859375 0.8484375 0.05 0.059375
0 0.3078125 0.8375 0.0546875 0.06875
0 0.19375 0.81953125 0.04375 0.04375
0 0.259375 0.78125 0.034375 0.025
0 0.22890625 0.5140625 0.025 0.0640625
0 0.7125 0.8953125 0.0375 0.0328125
0 0.41640625 0.25078125 0.1703125 0.1578125
0 0.11953125 0.68671875 0.0734375 0.096875