0 0.19609375 0.12421875 0.1109375 0.065625
0 0.2171875 0.0484375 0.0390625 0.0328125
0 0.0328125 0.1203125 0.065625 0.10625
0 0.03125 0.39140625 0.0609375 0.1125
0 0.01171875 0.2890625 0.0203125 0.040625
0 0.103125 0.3 0.025 0.084375
0 0.159375 0.571875 0.0765625 0.034375
0 0.39140625 0.84921875 0.08125 0.046875
0 0.43515625 0.8328125 0.025 0.03125
0 0.42421875 0.57890625 0.0484375 0.04375
0 0.83828125 0.44921875 0.046875 0.06875
0 0.97734375 0.5609375 0.0421875 0.0703125
0 0.85390625 0.79609375 0.040625 0.0359375
0 0.78828125 0.81015625 0.0359375 0.0390625
0 0.721875 0.746875 0.0625 0.0578125
0 0.62578125 0.85390625 0.040625 0.071875
0 0.7265625 0.9515625 0.059375 0.0265625
0 0.65390625 0.97734375 0.0390625 0.03125
0 0.34375 0.790625 0.1 0.065625
0 0.34140625 0.76328125 0.0625 0.0546875
0 0.278125 0.80390625 0.0390625 0.0515625
0 0.23203125 0.78125 0.040625 0.0609375
0 0.12578125 0.7359375 0.0359375 0.0359375
0 0.1984375 0.71484375 0.03125 0.01875
0 0.23359375 0.4484375 0.009375 0.0640625
0 0.61015625 0.93515625 0.0328125 0.025
0 0.479484375 0.23834375 0.14332812500000003 0.12632812499999996
0 0.08603125 0.58903125 0.05353124999999999 0.08625000000000008