0 0.11640625 0.23828125 0.1109375 0.1078125
0 0.01015625 0.50625 0.0203125 0.065625
0 0.1359375 0.44375 0.0265625 0.053125
0 0.128125 0.72734375 0.0296875 0.0359375
0 0.128125 0.7640625 0.0328125 0.034375
0 0.13828125 0.8671875 0.025 0.0296875
0 0.1875 0.73515625 0.0390625 0.053125
0 0.253125 0.78046875 0.04375 0.034375
0 0.29453125 0.95234375 0.065625 0.0375
0 0.4390625 0.8484375 0.090625 0.0625
0 0.5296875 0.91015625 0.09375 0.084375
0 0.5515625 0.72265625 0.0703125 0.0703125
0 0.58984375 0.5765625 0.04375 0.046875
0 0.74453125 0.31875 0.06875 0.125
0 0.89765625 0.22578125 0.109375 0.1734375
0 0.9578125 0.45859375 0.084375 0.1390625
0 0.8484375 0.50703125 0.028125 0.0578125
0 0.77109375 0.46328125 0.028125 0.0609375
0 0.73671875 0.6515625 0.0734375 0.0484375
0 0.6734375 0.7640625 0.0328125 0.04375
0 0.71484375 0.834375 0.0625 0.0625
0 0.72578125 0.78203125 0.046875 0.0734375
0 0.7140625 0.95859375 0.0375 0.0453125
0 0.82578125 0.709375 0.0296875 0.0515625
0 0.934375 0.4953125 0.040625 0.0515625
0 0.99140625 0.43984375 0.0171875 0.0578125
0 0.32265625 0.41953125 0.1 0.08125
0 0.68125 0.25625 0.128125 0.1046875
0 0.70546875 0.25625 0.09375 0.078125
0 0.7546875 0.7734375 0.046875 0.0734375