0 0.94609375 0.36953125 0.1015625 0.096875
0 0.9703125 0.66015625 0.025 0.0640625
0 0.86328125 0.559375 0.0203125 0.053125
0 0.7828125 0.83125 0.0265625 0.0328125
0 0.77265625 0.865625 0.0296875 0.03125
0 0.73046875 0.9609375 0.021875 0.028125
0 0.72421875 0.8203125 0.0328125 0.05
0 0.64765625 0.84296875 0.040625 0.0296875
0 0.5546875 0.9890625 0.0625 0.021875
0 0.45078125 0.85 0.0859375 0.053125
0 0.3453125 0.88125 0.0859375 0.075
0 0.3828125 0.69609375 0.0640625 0.0625
0 0.390625 0.5453125 0.0390625 0.0421875
0 0.3234375 0.25234375 0.0546875 0.121875
0 0.20625 0.11640625 0.0890625 0.1671875
0 0.06171875 0.046875 0.04375 0.0484375
0 0.06640625 0.31640625 0.0890625 0.13125
0 0.16640625 0.3984375 0.0203125 0.0578125
0 0.25390625 0.38125 0.0203125 0.0609375
0 0.228125 0.57109375 0.0703125 0.040625
0 0.25390625 0.696875 0.028125 0.040625
0 0.1921875 0.7515625 0.05625 0.05625
0 0.19765625 0.6984375 0.0390625 0.0703125
0 0.1546875 0.86953125 0.0328125 0.0421875
0 0.125 0.5984375 0.0234375 0.05
0 0.08828125 0.3609375 0.034375 0.0484375
0 0.04453125 0.2890625 0.021875 0.05625
0 0.69296875 0.478125 0.0921875 0.0703125
0 0.403125 0.2125 0.11875 0.090625
0 0.3796875 0.20546875 0.0859375 0.06875
0 0.1734375 0.68125 0.0375 0.0703125