0 0.340625 0.10078125 0.0578125 0.096875
0 0.0328125 0.21015625 0.065625 0.1453125
0 0.0171875 0.45 0.034375 0.06875
0 0.02734375 0.57265625 0.0453125 0.0296875
0 0.18046875 0.53359375 0.0625 0.05
0 0.42265625 0.915625 0.1125 0.13125
0 0.34140625 0.90625 0.084375 0.1015625
0 0.79296875 0.57109375 0.0421875 0.0578125
0 0.92109375 0.56484375 0.046875 0.0703125
0 0.96953125 0.57265625 0.0421875 0.0453125
0 0.69609375 0.8515625 0.0234375 0.028125
0 0.56796875 0.72109375 0.028125 0.0625
0 0.91015625 0.7265625 0.025 0.025
0 0.3765625 0.590625 0.0234375 0.0421875
0 0.3375 0.5421875 0.0421875 0.059375
0 0.17890625 0.72421875 0.0328125 0.0359375
0 0.17734375 0.690625 0.0484375 0.0625
0 0.14453125 0.6796875 0.01875 0.0234375
0 0.2765625 0.825 0.03125 0.0671875
0 0.30078125 0.7734375 0.040625 0.0328125
0 0.1421875 0.3265625 0.04375 0.0625
0 0.4453125 0.1765625 0.13125 0.16875
0 0.70234375 0.09453125 0.146875 0.0890625
0 0.87734375 0.06640625 0.0828125 0.1109375
0 0.21171875 0.15234375 0.090625 0.1359375
0 0.58359375 0.39375 0.0765625 0.0640625
0 0.4046875 0.509375 0.0609375 0.0765625