0 0.42734375 0.0765625 0.040625 0.090625
0 0.090625 0.1171875 0.0640625 0.134375
0 0.03046875 0.34921875 0.0375 0.0625
0 0.02265625 0.47265625 0.0421875 0.021875
0 0.18046875 0.46640625 0.05625 0.0390625
0 0.33828125 0.890625 0.090625 0.115625
0 0.26015625 0.8640625 0.0671875 0.0890625
0 0.771875 0.63046875 0.0328125 0.0515625
0 0.8984375 0.65078125 0.034375 0.0640625
0 0.94453125 0.66875 0.034375 0.0390625
0 0.61875 0.884375 0.01875 0.025
0 0.5203125 0.73046875 0.015625 0.0609375
0 0.85390625 0.80703125 0.021875 0.0203125
0 0.36015625 0.56328125 0.015625 0.0390625
0 0.33203125 0.5078125 0.03125 0.0546875
0 0.1390625 0.65234375 0.0265625 0.03125
0 0.14453125 0.61953125 0.0375 0.05625
0 0.11484375 0.6015625 0.015625 0.0203125
0 0.2140625 0.771875 0.01875 0.0640625
0 0.2484375 0.72578125 0.0359375 0.0265625
0 0.1859375 0.25625 0.0328125 0.05625
0 0.513765625 0.1721875 0.10253125 0.15026562499999999
0 0.782640625 0.14534375 0.13715624999999995 0.06223437500000002
0 0.959125 0.1545625 0.0629999999999999 0.09939062499999998
0 0.2905625 0.10012499999999999 0.06550000000000003 0.12490625
0 0.603796875 0.41335937500000003 0.06695312500000003 0.05137499999999999
0 0.4050625 0.489328125 0.04764062500000001 0.06893750000000001