0 0.490625 0.0703125 0.0578125 0.096875
0 0.82890625 0.05859375 0.0890625 0.1171875
0 0.93203125 0.2625 0.0484375 0.06875
0 0.96328125 0.38203125 0.0453125 0.0296875
0 0.80703125 0.40625 0.0625 0.0484375
0 0.73359375 0.85234375 0.1109375 0.13125
0 0.8046875 0.81171875 0.0828125 0.1
0 0.2578125 0.6796875 0.0421875 0.05625
0 0.1375 0.72421875 0.0453125 0.06875
0 0.09609375 0.75078125 0.040625 0.0453125
0 0.45703125 0.9 0.0234375 0.028125
0 0.52421875 0.73046875 0.0265625 0.0625
0 0.2109375 0.86875 0.025 0.0234375
0 0.64921875 0.53515625 0.0234375 0.040625
0 0.66640625 0.47578125 0.040625 0.059375
0 0.88359375 0.58046875 0.0328125 0.0359375
0 0.871875 0.54921875 0.046875 0.0625
0 0.89765625 0.5265625 0.01875 0.0234375
0 0.8328125 0.7125 0.03125 0.0671875
0 0.78984375 0.6734375 0.040625 0.0328125
0 0.76171875 0.20078125 0.0421875 0.0609375
0 0.42421875 0.18046875 0.1296875 0.1671875
0 0.1546875 0.20546875 0.146875 0.0875
0 0.01171875 0.2484375 0.0234375 0.109375
0 0.62890625 0.0671875 0.0875 0.134375
0 0.38125 0.434375 0.075 0.0625
0 0.59140625 0.47109375 0.059375 0.0765625