0 0.03984375 0.55234375 0.075 0.0890625
0 0.0171875 0.47578125 0.025 0.059375
0 0.53671875 0.5859375 0.0515625 0.05625
0 0.71328125 0.83671875 0.09375 0.13125
0 0.77734375 0.85078125 0.059375 0.071875
0 0.85 0.6875 0.0421875 0.034375
0 0.86484375 0.3328125 0.0578125 0.1078125
0 0.896875 0.26953125 0.075 0.0609375
0 0.90390625 0.0828125 0.0421875 0.0875
0 0.79375 0.04140625 0.10625 0.0828125
0 0.71484375 0.50703125 0.0609375 0.0375
0 0.3171875 0.6265625 0.040625 0.046875
0 0.6265625 0.903125 0.0421875 0.05625
0 0.2640625 0.80390625 0.0203125 0.03125
0 0.4203125 0.940625 0.025 0.0265625
0 0.49453125 0.8140625 0.028125 0.0375
0 0.79296875 0.7390625 0.0421875 0.0578125
0 0.88515625 0.46875 0.0453125 0.0359375
0 0.9375 0.4828125 0.0453125 0.0453125
0 0.86796875 0.56640625 0.0328125 0.04375
0 0.884375 0.578125 0.0296875 0.0359375
0 0.2328125 0.596875 0.0828125 0.0703125
0 0.3015625 0.2671875 0.0984375 0.0875
0 0.4453125 0.46015625 0.1125 0.090625
0 0.58671875 0.0765625 0.1296875 0.153125
0 0.6078125 0.15625 0.109375 0.1078125
0 0.5265625 0.340625 0.078125 0.0828125
0 0.68515625 0.3515625 0.0765625 0.09375
0 0.71875 0.33203125 0.0625 0.103125