0 0.9609375 0.45546875 0.059375 0.078125
0 0.9671875 0.37578125 0.0125 0.0578125
0 0.48203125 0.59140625 0.0421875 0.0484375
0 0.36171875 0.8734375 0.0703125 0.11875
0 0.3015625 0.90078125 0.046875 0.0640625
0 0.196875 0.75625 0.0375 0.0265625
0 0.10859375 0.4125 0.0375 0.1015625
0 0.0640625 0.35703125 0.065625 0.0484375
0 0.01796875 0.17578125 0.025 0.084375
0 0.11171875 0.090625 0.084375 0.1125
0 0.29140625 0.5515625 0.05625 0.0265625
0 0.70546875 0.5859375 0.0328125 0.040625
0 0.46015625 0.9203125 0.0328125 0.05
0 0.79375 0.7484375 0.0140625 0.0296875
0 0.66953125 0.9140625 0.0203125 0.0234375
0 0.5703125 0.80625 0.021875 0.034375
0 0.26328125 0.79453125 0.0328125 0.0515625
0 0.11640625 0.54921875 0.040625 0.028125
0 0.06875 0.57421875 0.0390625 0.0375
0 0.15390625 0.64140625 0.025 0.0390625
0 0.140625 0.65625 0.0234375 0.03125
0 0.7815937500000001 0.538984375 0.07256250000000009 0.055749999999999925
0 0.64590625 0.23112499999999997 0.085546875 0.07128125
0 0.545453125 0.44921875 0.10028124999999992 0.07134374999999996
0 0.32625000000000004 0.100296875 0.10248437500000004 0.144
0 0.322859375 0.18642187500000001 0.09259374999999999 0.09123437499999998
0 0.44057812500000004 0.34954687500000003 0.06553125000000008 0.07062499999999998
0 0.28778125 0.3933125 0.05993750000000002 0.08314062499999997
0 0.251484375 0.38115625 0.04360937500000004 0.09632812499999996