0 0.0421875 0.43125 0.0640625 0.08125
0 0.03984375 0.3515625 0.015625 0.0578125
0 0.51328125 0.5921875 0.0453125 0.05
0 0.61875 0.88046875 0.0765625 0.121875
0 0.67734375 0.9109375 0.05 0.0671875
0 0.7890625 0.771875 0.0390625 0.028125
0 0.8953125 0.4328125 0.0421875 0.103125
0 0.94296875 0.3796875 0.06875 0.0515625
0 0.99140625 0.20078125 0.0171875 0.0859375
0 0.909375 0.11171875 0.090625 0.1171875
0 0.70546875 0.5625 0.0578125 0.0296875
0 0.290625 0.575 0.034375 0.0421875
0 0.51796875 0.921875 0.0359375 0.0515625
0 0.19375 0.7328125 0.015625 0.0296875
0 0.309375 0.9046875 0.021875 0.025
0 0.4140625 0.80234375 0.0234375 0.0359375
0 0.72109375 0.80625 0.0359375 0.053125
0 0.88046875 0.56953125 0.0421875 0.0296875
0 0.9265625 0.596875 0.040625 0.0390625
0 0.83828125 0.659375 0.0265625 0.040625
0 0.85078125 0.675 0.025 0.0328125
0 0.21640625 0.52421875 0.075 0.059375
0 0.36875 0.22421875 0.0890625 0.075
0 0.45703125 0.446875 0.103125 0.0765625
0 0.69453125 0.11015625 0.109375 0.1484375
0 0.69296875 0.19609375 0.096875 0.0953125
0 0.5671875 0.353125 0.06875 0.0734375
0 0.7171875 0.4046875 0.0640625 0.0859375
0 0.7546875 0.39453125 0.0484375 0.0984375