0 0.7921875 0.48046875 0.015625 0.090625
0 0.9046875 0.73671875 0.021875 0.0546875
0 0.43203125 0.6015625 0.028125 0.06875
0 0.3796875 0.56796875 0.0375 0.0796875
0 0.134375 0.45078125 0.0796875 0.04375
0 0.10859375 0.36171875 0.065625 0.125
0 0.38828125 0.8171875 0.0625 0.1328125
0 0.4484375 0.92421875 0.0421875 0.040625
0 0.34921875 0.9265625 0.05625 0.0859375
0 0.30078125 0.8296875 0.0390625 0.0546875
0 0.26484375 0.6546875 0.0359375 0.090625
0 0.403125 0.6765625 0.05 0.046875
0 0.55859375 0.66640625 0.0296875 0.0328125
0 0.303125 0.8984375 0.046875 0.0453125
0 0.51046875 0.45251562500000003 0.06468749999999997 0.0953125
0 0.5115000000000001 0.43559374999999995 0.029265625000000028 0.09582812500000001
0 0.6079687500000001 0.6014999999999999 0.10029687500000009 0.08076562499999991
0 0.30628125 0.40415625000000005 0.08129687500000005 0.08921875000000004
0 0.27709375 0.18581250000000002 0.022953124999999998 0.11190625000000003