0 0.7890625 0.4546875 0.0234375 0.0921875
0 0.9234375 0.70078125 0.0265625 0.05625
0 0.44140625 0.60703125 0.034375 0.0703125
0 0.3859375 0.578125 0.04375 0.0828125
0 0.13125 0.4828125 0.0828125 0.05
0 0.09765625 0.39609375 0.0765625 0.1296875
0 0.41640625 0.82578125 0.0734375 0.1375
0 0.4859375 0.92734375 0.0453125 0.04375
0 0.38671875 0.93828125 0.0640625 0.090625
0 0.33046875 0.84609375 0.04375 0.0578125
0 0.27890625 0.67421875 0.04375 0.09375
0 0.41875 0.684375 0.053125 0.0515625
0 0.57265625 0.6609375 0.0328125 0.0359375
0 0.33828125 0.9140625 0.05 0.05
0 0.50625 0.4515625 0.0734375 0.1
0 0.50546875 0.43515625 0.0375 0.0984375
0 0.61640625 0.59140625 0.10625 0.0890625
0 0.2984375 0.42109375 0.0890625 0.0953125
0 0.25078125 0.20625 0.0328125 0.1140625