0 0.21171875 0.5515625 0.0375 0.0921875
0 0.16484375 0.82734375 0.034375 0.0578125
0 0.590625 0.58203125 0.04375 0.0734375
0 0.6328125 0.53671875 0.05625 0.0859375
0 0.84296875 0.3640625 0.0875 0.0625
0 0.84609375 0.27109375 0.09375 0.1375
0 0.68515625 0.78046875 0.0921875 0.14375
0 0.65234375 0.89921875 0.05 0.05
0 0.74921875 0.87734375 0.075 0.096875
0 0.7734375 0.771875 0.0515625 0.0625
0 0.765625 0.59296875 0.05625 0.096875
0 0.63671875 0.64765625 0.059375 0.0578125
0 0.48359375 0.67578125 0.0375 0.0390625
0 0.7875 0.8390625 0.05625 0.0546875
0 0.478125 0.45625 0.0859375 0.1078125
0 0.4734375 0.440625 0.0515625 0.1
0 0.41953125 0.62421875 0.1171875 0.103125
0 0.66484375 0.36015625 0.1 0.10625
0 0.640625 0.14140625 0.05 0.1140625