0 0.76328125 0.59296875 0.0625 0.0546875
0 0.03984375 0.37421875 0.0796875 0.0921875
0 0.11953125 0.12734375 0.040625 0.03125
0 0.14609375 0.2125 0.0234375 0.0359375
0 0.2265625 0.0875 0.01875 0.053125
0 0.25546875 0.384375 0.0328125 0.0609375
0 0.29921875 0.6421875 0.04375 0.0890625
0 0.203125 0.646875 0.025 0.08125
0 0.23671875 0.896875 0.04375 0.0640625
0 0.04921875 0.60546875 0.040625 0.075
0 0.09140625 0.7234375 0.0296875 0.0484375
0 0.1453125 0.65390625 0.0421875 0.0484375
0 0.3015625 0.74140625 0.0421875 0.0359375
0 0.4421875 0.6546875 0.0359375 0.053125
0 0.30390625 0.5859375 0.0328125 0.04375
0 0.51953125 0.6859375 0.0578125 0.0578125
0 0.534375 0.75546875 0.0421875 0.028125
0 0.72890625 0.55625 0.0515625 0.0359375
0 0.71328125 0.6203125 0.028125 0.0328125
0 0.921875 0.51484375 0.0484375 0.0328125
0 0.86640625 0.646875 0.0328125 0.021875
0 0.615625 0.696875 0.03125 0.034375
0 0.8828125 0.74453125 0.0390625 0.034375
0 0.796875 0.828125 0.028125 0.0234375
0 0.4109375 0.4796875 0.109375 0.1234375
0 0.59140625 0.4875 0.084375 0.0625
0 0.3328125 0.69453125 0.0484375 0.084375