0 0.228125 0.56484375 0.065625 0.059375
0 0.96328125 0.42265625 0.0734375 0.0984375
0 0.9171875 0.16875 0.0421875 0.034375
0 0.88203125 0.2515625 0.0265625 0.0375
0 0.81484375 0.11796875 0.0234375 0.053125
0 0.75546875 0.4109375 0.0390625 0.0625
0 0.684375 0.66171875 0.0515625 0.090625
0 0.7796875 0.6765625 0.0328125 0.08125
0 0.7203125 0.921875 0.05 0.065625
0 0.9375 0.65234375 0.0484375 0.078125
0 0.8828125 0.76484375 0.034375 0.05
0 0.83671875 0.68984375 0.046875 0.0515625
0 0.671875 0.7609375 0.0453125 0.0390625
0 0.54140625 0.659375 0.040625 0.0546875
0 0.6859375 0.60625 0.0359375 0.0453125
0 0.4609375 0.6828125 0.0625 0.0625
0 0.4390625 0.75078125 0.04375 0.03125
0 0.26640625 0.53203125 0.053125 0.0390625
0 0.27578125 0.59765625 0.03125 0.034375
0 0.07890625 0.47109375 0.05 0.0375
0 0.11953125 0.6078125 0.034375 0.025
0 0.36484375 0.68359375 0.034375 0.0375
0 0.09375 0.703125 0.0421875 0.0375
0 0.1703125 0.7953125 0.0296875 0.025
0 0.590625 0.4890625 0.11875 0.13125
0 0.41015625 0.478125 0.0890625 0.06875
0 0.64609375 0.7109375 0.0546875 0.0859375