0 0.75 0.62421875 0.05625 0.0484375
0 0.05703125 0.31953125 0.0734375 0.084375
0 0.16796875 0.08359375 0.0375 0.0265625
0 0.18359375 0.171875 0.01875 0.034375
0 0.27890625 0.05703125 0.0125 0.0515625
0 0.27109375 0.35546875 0.0265625 0.0578125
0 0.28359375 0.61640625 0.0328125 0.0859375
0 0.1875 0.609375 0.015625 0.0796875
0 0.190625 0.86171875 0.0375 0.059375
0 0.03984375 0.55 0.0328125 0.071875
0 0.0671875 0.671875 0.025 0.0453125
0 0.12890625 0.609375 0.0375 0.04375
0 0.2734375 0.715625 0.0390625 0.03125
0 0.4234375 0.64609375 0.0296875 0.05
0 0.29453125 0.56171875 0.028125 0.040625
0 0.496875 0.68671875 0.0515625 0.0515625
0 0.503125 0.7578125 0.0390625 0.0234375
0 0.7203125 0.58359375 0.0484375 0.0296875
0 0.696875 0.6453125 0.025 0.0296875
0 0.9171875 0.56640625 0.0453125 0.028125
0 0.84609375 0.690625 0.03125 0.01875
0 0.590625 0.709375 0.028125 0.03125
0 0.85 0.7890625 0.0359375 0.0296875
0 0.7546875 0.86171875 0.0265625 0.0203125
0 0.41392187500000005 0.46892187500000004 0.09660937500000003 0.1125
0 0.592421875 0.498609375 0.07859374999999993 0.053125
0 0.31051562499999996 0.672859375 0.038328125000000046 0.07974999999999995