0 0.61953125 0.6875 0.05625 0.0515625
0 0.484375 0.66640625 0.0546875 0.0484375
0 0.25078125 0.46328125 0.0375 0.0984375
0 0.2375 0.2421875 0.025 0.0609375
0 0.2421875 0.15859375 0.034375 0.0359375
0 0.2046875 0.04921875 0.009375 0.034375
0 0.06171875 0.33515625 0.0140625 0.071875
0 0.11875 0.51640625 0.028125 0.078125
0 0.1140625 0.44296875 0.015625 0.03125
0 0.16484375 0.503125 0.025 0.0390625
0 0.18515625 0.67578125 0.025 0.0296875
0 0.3546875 0.50703125 0.015625 0.0546875
0 0.3796875 0.7640625 0.0234375 0.0296875
0 0.8546875 0.53203125 0.0453125 0.03125
0 0.53984375 0.62421875 0.0390625 0.025
0 0.69296875 0.2078125 0.0078125 0.05625
0 0.53984375 0.21796875 0.028125 0.0203125
0 0.46001562500000004 0.6258125 0.09559374999999992 0.07939062499999991
0 0.358703125 0.389484375 0.04867187499999996 0.06299999999999999