0 0.33828125 0.653125 0.0671875 0.0640625
0 0.475 0.665625 0.0640625 0.0609375
0 0.75078125 0.525 0.0609375 0.1046875
0 0.8171875 0.31328125 0.0390625 0.065625
0 0.8328125 0.23125 0.0421875 0.04375
0 0.8953125 0.134375 0.0171875 0.0359375
0 0.96484375 0.44609375 0.03125 0.0734375
0 0.865625 0.6078125 0.046875 0.0828125
0 0.88828125 0.53828125 0.0234375 0.034375
0 0.82421875 0.584375 0.034375 0.04375
0 0.76328125 0.746875 0.03125 0.034375
0 0.6390625 0.5421875 0.028125 0.05625
0 0.553125 0.78515625 0.0296875 0.034375
0 0.1484375 0.4453125 0.0515625 0.040625
0 0.43125 0.6109375 0.04375 0.034375
0 0.38359375 0.16953125 0.021875 0.05625
0 0.5296875 0.21640625 0.0328125 0.0265625
0 0.50859375 0.63203125 0.1125 0.1
0 0.6640625 0.4265625 0.0625 0.0734375