0 0.40390625 0.70078125 0.0625 0.0578125
0 0.5359375 0.66328125 0.0609375 0.0546875
0 0.74296875 0.4328125 0.0484375 0.1015625
0 0.72890625 0.2125 0.0328125 0.0640625
0 0.7140625 0.1296875 0.0390625 0.040625
0 0.73828125 0.0171875 0.0140625 0.034375
0 0.91484375 0.2828125 0.0234375 0.0734375
0 0.88046875 0.46953125 0.0375 0.08125
0 0.87578125 0.39609375 0.01875 0.0328125
0 0.8328125 0.4625 0.0296875 0.0421875
0 0.83359375 0.6359375 0.028125 0.0328125
0 0.6453125 0.4890625 0.021875 0.05625
0 0.6515625 0.74765625 0.0265625 0.0328125
0 0.1515625 0.575 0.0484375 0.0359375
0 0.47578125 0.628125 0.0421875 0.0296875
0 0.27265625 0.23359375 0.0140625 0.05625
0 0.42578125 0.225 0.0296875 0.0234375
0 0.5546875 0.6203125 0.1046875 0.090625
0 0.6265625 0.3734375 0.05625 0.06875