0 0.625 0.6078125 0.028125 0.0265625
0 0.26953125 0.39296875 0.0375 0.046875
0 0.1953125 0.33984375 0.0203125 0.10625
0 0.115625 0.41953125 0.0640625 0.078125
0 0.75234375 0.66796875 0.028125 0.021875
0 0.7390625 0.5984375 0.028125 0.0359375
0 0.74140625 0.55234375 0.025 0.046875
0 0.61796875 0.546875 0.0359375 0.0421875
0 0.46328125 0.63203125 0.0375 0.0265625
0 0.57734375 0.378125 0.0125 0.04375
0 0.4859375 0.28203125 0.0078125 0.0421875
0 0.3125 0.31796875 0.0109375 0.046875
0 0.27109375 0.15859375 0.028125 0.0515625
0 0.22890625 0.04921875 0.0171875 0.0359375
0 0.18984375 0.15390625 0.0375 0.03125
0 0.06328125 0.2828125 0.021875 0.0515625
0 0.13515625 0.63359375 0.025 0.0671875
0 0.36015625 0.7765625 0.0109375 0.034375
0 0.3609375 0.48671875 0.0234375 0.0359375
0 0.52109375 0.70703125 0.028125 0.03125
0 0.60859375 0.65859375 0.0125 0.025
0 0.3328125 0.8078125 0.0234375 0.0203125
0 0.463671875 0.55634375 0.05546875 0.04046874999999996