0 0.36640625 0.596875 0.0296875 0.0296875
0 0.7390625 0.41328125 0.0421875 0.05
0 0.8171875 0.3671875 0.0296875 0.1078125
0 0.88984375 0.453125 0.0703125 0.0828125
0 0.23359375 0.6453125 0.0296875 0.025
0 0.253125 0.57734375 0.03125 0.0375
0 0.2546875 0.53125 0.0296875 0.0484375
0 0.378125 0.53671875 0.0390625 0.0453125
0 0.525 0.634375 0.0390625 0.0296875
0 0.43359375 0.371875 0.015625 0.0453125
0 0.5328125 0.284375 0.0109375 0.0421875
0 0.70234375 0.33515625 0.015625 0.046875
0 0.7578125 0.1796875 0.0328125 0.053125
0 0.809375 0.07421875 0.0203125 0.0375
0 0.8390625 0.18203125 0.040625 0.034375
0 0.95390625 0.321875 0.0265625 0.053125
0 0.8515625 0.66484375 0.03125 0.06875
0 0.61484375 0.7875 0.0140625 0.0359375
0 0.63984375 0.49921875 0.0265625 0.0375
0 0.4609375 0.7046875 0.03125 0.0328125
0 0.378125 0.6484375 0.0140625 0.0265625
0 0.63984375 0.82109375 0.025 0.021875
0 0.53125 0.559375 0.059375 0.0453125