0 0.61484375 0.61796875 0.0296875 0.0296875
0 0.2796875 0.3734375 0.0421875 0.05
0 0.21015625 0.3140625 0.0296875 0.1078125
0 0.12421875 0.38671875 0.0703125 0.0828125
0 0.73671875 0.6890625 0.0296875 0.025
0 0.7296875 0.61875 0.03125 0.0375
0 0.7359375 0.5734375 0.0296875 0.0484375
0 0.61328125 0.55703125 0.0390625 0.0453125
0 0.4515625 0.628125 0.0390625 0.0296875
0 0.5875 0.38515625 0.015625 0.0453125
0 0.5046875 0.28125 0.0109375 0.0421875
0 0.32890625 0.30234375 0.015625 0.046875
0 0.3015625 0.13984375 0.0328125 0.053125
0 0.26953125 0.02734375 0.0203125 0.0375
0 0.22109375 0.128125 0.040625 0.034375
0 0.08359375 0.2453125 0.0265625 0.053125
0 0.125 0.6015625 0.03125 0.06875
0 0.33671875 0.76328125 0.0140625 0.0359375
0 0.3625 0.475 0.0265625 0.0375
0 0.503125 0.7078125 0.03125 0.0328125
0 0.59453125 0.6671875 0.0140625 0.0265625
0 0.30625 0.7921875 0.025 0.021875
0 0.45859375 0.553125 0.059375 0.0453125