0 0.92890625 0.453125 0.125 0.234375
0 0.9390625 0.70390625 0.0953125 0.159375
0 0.93046875 0.50859375 0.06875 0.13125
0 0.8125 0.69375 0.0515625 0.103125
0 0.74296875 0.83125 0.04375 0.1078125
0 0.746875 0.7921875 0.065625 0.0453125
0 0.81953125 0.821875 0.0296875 0.028125
0 0.67734375 0.29453125 0.046875 0.0765625
0 0.49296875 0.05625 0.040625 0.078125
0 0.5015625 0.0203125 0.021875 0.015625
0 0.31875 0.15390625 0.084375 0.1734375
0 0.25546875 0.4765625 0.04375 0.0875
0 0.19453125 0.54140625 0.034375 0.0703125
0 0.58984375 0.49296875 0.0265625 0.0609375
0 0.7015625 0.25078125 0.0203125 0.040625
0 0.403125 0.19765625 0.040625 0.0734375
0 0.44296875 0.31875 0.0390625 0.10625
0 0.5171875 0.384375 0.04375 0.0796875
0 0.46875 0.46953125 0.0515625 0.0328125
0 0.45703125 0.434375 0.025 0.05
0 0.40546875 0.40546875 0.0390625 0.103125
0 0.19375 0.42109375 0.04375 0.08125
0 0.11015625 0.19375 0.0484375 0.0796875
0 0.27109375 0.1171875 0.0703125 0.0453125
0 0.27421875 0.090625 0.028125 0.0359375
0 0.03203125 0.1796875 0.0484375 0.0796875
0 0.046875 0.1734375 0.053125 0.0796875
0 0.01015625 0.24140625 0.0203125 0.0796875
0 0.02578125 0.31328125 0.0453125 0.0703125
0 0.06171875 0.38671875 0.04375 0.0796875
0 0.12734375 0.44375 0.046875 0.065625
0 0.06875 0.47265625 0.0453125 0.0703125
0 0.05390625 0.45390625 0.025 0.0484375
0 0.00703125 0.47890625 0.0140625 0.0859375
0 0.071875 0.63984375 0.0515625 0.075
0 0.02890625 0.62265625 0.01875 0.028125
0 0.07890625 0.5546875 0.0328125 0.0703125
0 0.1546875 0.65546875 0.0375 0.0703125
0 0.82578125 0.76015625 0.0125 0.025
0 0.53125 0.615625 0.0203125 0.0515625
0 0.54765625 0.55625 0.01875 0.040625
0 0.56328125 0.49921875 0.028125 0.053125
0 0.45546875 0.50625 0.015625 0.04375
0 0.44375 0.58828125 0.0265625 0.05625
0 0.46640625 0.6046875 0.0234375 0.04375
0 0.346875 0.61015625 0.0265625 0.059375
0 0.30546875 0.6953125 0.021875 0.046875
0 0.496875 0.265625 0.0671875 0.0453125
0 0.175 0.23359375 0.0921875 0.171875
0 0.40546875 0.3046875 0.05625 0.1359375