0 0.9296875 0.46015625 0.121875 0.234375
0 0.93515625 0.71171875 0.09375 0.1578125
0 0.9296875 0.515625 0.0671875 0.13125
0 0.80859375 0.69921875 0.05 0.103125
0 0.7375 0.83515625 0.0421875 0.1078125
0 0.74140625 0.796875 0.065625 0.0453125
0 0.81328125 0.82734375 0.0296875 0.0265625
0 0.68046875 0.29765625 0.046875 0.0765625
0 0.50078125 0.05625 0.0390625 0.078125
0 0.51015625 0.0203125 0.021875 0.015625
0 0.325 0.15078125 0.08125 0.1734375
0 0.25546875 0.47265625 0.04375 0.0875
0 0.19453125 0.5359375 0.0328125 0.0703125
0 0.58984375 0.49453125 0.025 0.0609375
0 0.70625 0.2546875 0.0203125 0.040625
0 0.4078125 0.19609375 0.0390625 0.0734375
0 0.446875 0.31796875 0.0375 0.10625
0 0.51875 0.38515625 0.0421875 0.0796875
0 0.46875 0.46875 0.0515625 0.03125
0 0.45859375 0.43359375 0.0234375 0.05
0 0.40703125 0.40390625 0.0375 0.103125
0 0.1953125 0.415625 0.04375 0.08125
0 0.115625 0.18671875 0.0484375 0.078125
0 0.278125 0.11328125 0.0703125 0.0453125
0 0.28125 0.08671875 0.0265625 0.0359375
0 0.0375 0.171875 0.046875 0.0796875
0 0.05234375 0.165625 0.053125 0.0796875
0 0.01171875 0.23203125 0.0234375 0.0796875
0 0.0296875 0.3046875 0.0453125 0.0703125
0 0.0640625 0.37890625 0.0421875 0.078125
0 0.128125 0.4375 0.046875 0.065625
0 0.06953125 0.46484375 0.04375 0.06875
0 0.0546875 0.44609375 0.025 0.0484375
0 0.00703125 0.4703125 0.0140625 0.0875
0 0.06953125 0.63203125 0.05 0.075
0 0.02734375 0.61484375 0.01875 0.028125
0 0.078125 0.54765625 0.03125 0.0703125
0 0.15234375 0.64921875 0.0359375 0.0703125
0 0.821875 0.76640625 0.0125 0.025
0 0.52890625 0.615625 0.0203125 0.0515625
0 0.54609375 0.55703125 0.0171875 0.040625
0 0.56328125 0.5 0.028125 0.053125
0 0.45546875 0.50546875 0.015625 0.04375
0 0.4421875 0.58671875 0.025 0.05625
0 0.46484375 0.60390625 0.021875 0.04375
0 0.34453125 0.60703125 0.0265625 0.059375
0 0.30234375 0.6921875 0.021875 0.046875
0 0.5015625 0.265625 0.0671875 0.04375
0 0.1796875 0.228125 0.0890625 0.171875
0 0.409375 0.30234375 0.053125 0.1359375