0 0.0734375 0.565625 0.0703125 0.2234375
0 0.12890625 0.8109375 0.059375 0.1484375
0 0.08671875 0.61953125 0.0375 0.1265625
0 0.2484375 0.76796875 0.0265625 0.1
0 0.35078125 0.8828125 0.0171875 0.10625
0 0.3375 0.84609375 0.059375 0.03125
0 0.275 0.89375 0.025 0.021875
0 0.27578125 0.34765625 0.0296875 0.071875
0 0.3921875 0.06953125 0.021875 0.075
0 0.37421875 0.03671875 0.0203125 0.0109375
0 0.58515625 0.11875 0.0421875 0.16875
0 0.73046875 0.4140625 0.0234375 0.084375
0 0.80546875 0.4609375 0.0171875 0.06875
0 0.41171875 0.51640625 0.0109375 0.059375
0 0.240625 0.31171875 0.0109375 0.0390625
0 0.515625 0.1828125 0.0234375 0.0703125
0 0.5078125 0.31015625 0.0125 0.10625
0 0.45390625 0.39296875 0.025 0.0765625
0 0.52265625 0.4625 0.0484375 0.0203125
0 0.52421875 0.42578125 0.0125 0.0484375
0 0.5671875 0.384375 0.0125 0.103125
0 0.775 0.34453125 0.025 0.078125
0 0.796875 0.103125 0.03125 0.0734375
0 0.621875 0.07109375 0.065625 0.0296875
0 0.6125 0.04609375 0.0203125 0.03125
0 0.86953125 0.06953125 0.0296875 0.075
0 0.853125 0.0671875 0.0359375 0.0734375
0 0.92421875 0.11875 0.040625 0.071875
0 0.9546875 0.0578125 0.0140625 0.0609375
0 0.909375 0.196875 0.0296875 0.065625
0 0.89375 0.27734375 0.025 0.075
0 0.8453125 0.34921875 0.0328125 0.059375
0 0.909375 0.36171875 0.0296875 0.0640625
0 0.91875 0.33984375 0.0140625 0.046875
0 0.98125 0.34921875 0.0140625 0.0859375
0 0.95 0.52421875 0.034375 0.06875
0 0.98671875 0.496875 0.0125 0.0265625
0 0.92109375 0.44375 0.015625 0.06875
0 0.8734375 0.5609375 0.0203125 0.0671875
0 0.25234375 0.8359375 0.00625 0.025
0 0.5 0.61953125 0.0078125 0.0515625
0 0.46875 0.56640625 0.0078125 0.040625
0 0.43828125 0.515625 0.015625 0.0515625
0 0.54453125 0.49453125 0.0046875 0.04375
0 0.57734375 0.5703125 0.0125 0.0546875
0 0.559375 0.5921875 0.0125 0.0421875
0 0.6765625 0.56640625 0.0125 0.0578125
0 0.73828125 0.63828125 0.0109375 0.0453125
0 0.44214062500000006 0.272796875 0.06240625000000009 0.029624999999999967
0 0.7447812500000001 0.1585625 0.051078124999999905 0.16364062499999998
0 0.540421875 0.286609375 0.021453125000000028 0.13537499999999997