0 0.63515625 0.86796875 0.059375 0.1234375
0 0.55078125 0.84921875 0.0484375 0.0953125
0 0.609375 0.79921875 0.0234375 0.0640625
0 0.634375 0.9171875 0.0546875 0.0953125
0 0.7046875 0.92890625 0.0328125 0.0390625
0 0.6859375 0.890625 0.0265625 0.0609375
0 0.69921875 0.796875 0.025 0.1140625
0 0.73359375 0.79609375 0.0234375 0.04375
0 0.76171875 0.840625 0.01875 0.065625
0 0.68984375 0.64296875 0.046875 0.1578125
0 0.9328125 0.36875 0.0359375 0.2171875
0 0.9828125 0.62265625 0.0328125 0.0703125
0 0.59140625 0.42421875 0.0078125 0.075
0 0.5484375 0.42578125 0.05 0.025
0 0.60078125 0.16953125 0.0390625 0.103125
0 0.6703125 0.28671875 0.0421875 0.0359375
0 0.66953125 0.20078125 0.0203125 0.0734375
0 0.7359375 0.253125 0.0265625 0.0265625
0 0.77109375 0.14140625 0.0234375 0.05
0 0.80546875 0.0765625 0.034375 0.0359375
0 0.4703125 0.08203125 0.01875 0.109375
0 0.49453125 0.04921875 0.0125 0.0359375
0 0.49140625 0.15390625 0.015625 0.1
0 0.51953125 0.2265625 0.0078125 0.078125
0 0.4625 0.33125 0.0109375 0.0890625
0 0.51171875 0.45859375 0.0140625 0.071875
0 0.52421875 0.40859375 0.0171875 0.0484375
0 0.490625 0.48828125 0.0125 0.06875
0 0.42265625 0.48203125 0.0125 0.0765625
0 0.4046875 0.47578125 0.0203125 0.0765625
0 0.4296875 0.38359375 0.009375 0.046875
0 0.428125 0.22421875 0.0109375 0.0953125
0 0.31953125 0.21015625 0.0265625 0.096875
0 0.2984375 0.13125 0.034375 0.0734375
0 0.16953125 0.05703125 0.075 0.0515625
0 0.2203125 0.04453125 0.0203125 0.028125
0 0.14765625 0.153125 0.034375 0.08125
0 0.059375 0.10390625 0.0140625 0.109375
0 0.02109375 0.1640625 0.0296875 0.05625
0 0.01328125 0.24609375 0.021875 0.08125
0 0.0234375 0.384375 0.0453125 0.040625
0 0.03125 0.34453125 0.0078125 0.0375
0 0.08984375 0.2640625 0.0234375 0.0546875
0 0.14375 0.22890625 0.0421875 0.05625
0 0.16953125 0.15390625 0.0359375 0.0546875
0 0.18125 0.2515625 0.04375 0.0859375
0 0.11171875 0.3046875 0.0375 0.0640625
0 0.07890625 0.40625 0.028125 0.0703125
0 0.0125 0.44921875 0.0203125 0.0359375
0 0.25078125 0.25703125 0.0203125 0.05
0 0.209375 0.31953125 0.01875 0.075
0 0.1484375 0.4203125 0.028125 0.05625
0 0.11015625 0.62890625 0.025 0.0640625
0 0.04453125 0.68359375 0.053125 0.0453125
0 0.3109375 0.73828125 0.0125 0.0640625
0 0.26953125 0.5859375 0.0140625 0.065625
0 0.265625 0.6578125 0.028125 0.046875
0 0.2203125 0.521875 0.0171875 0.059375
0 0.34765625 0.37890625 0.0109375 0.078125
0 0.61796875 0.465625 0.03125 0.0421875
0 0.409375 0.60546875 0.0203125 0.0625
0 0.359375 0.5 0.0171875 0.0578125
0 0.253125 0.48671875 0.0015625 0.0546875
0 0.24609375 0.4109375 0.015625 0.040625
0 0.28359375 0.53359375 0.0046875 0.0515625
0 0.771875 0.490625 0.028125 0.175