0 0.4375 0.88671875 0.08125 0.1328125
0 0.51640625 0.85234375 0.065625 0.103125
0 0.45 0.81484375 0.0359375 0.0671875
0 0.44765625 0.93515625 0.071875 0.1046875
0 0.38125 0.96015625 0.0390625 0.0453125
0 0.3921875 0.91875 0.0375 0.065625
0 0.3609375 0.8296875 0.046875 0.1171875
0 0.32734375 0.83515625 0.03125 0.046875
0 0.3078125 0.884375 0.03125 0.06875
0 0.340625 0.6765625 0.0765625 0.1640625
0 0.05 0.45390625 0.0765625 0.2203125
0 0.04921875 0.7125 0.0453125 0.075
0 0.39609375 0.44296875 0.021875 0.075
0 0.43828125 0.43671875 0.053125 0.034375
0 0.33828125 0.19453125 0.0578125 0.109375
0 0.2921875 0.3234375 0.0484375 0.04375
0 0.2765625 0.23828125 0.034375 0.0765625
0 0.22109375 0.30234375 0.03125 0.03125
0 0.165625 0.2 0.0328125 0.053125
0 0.11953125 0.14296875 0.040625 0.0421875
0 0.44921875 0.084375 0.0390625 0.1109375
0 0.41953125 0.05625 0.01875 0.0375
0 0.4421875 0.15859375 0.034375 0.1015625
0 0.42890625 0.23515625 0.021875 0.078125
0 0.5046875 0.32734375 0.028125 0.0890625
0 0.48046875 0.46171875 0.028125 0.0734375
0 0.45859375 0.41484375 0.0265625 0.0515625
0 0.50703125 0.48671875 0.025 0.0703125
0 0.57265625 0.46796875 0.0265625 0.078125
0 0.5890625 0.4578125 0.034375 0.0796875
0 0.546875 0.37265625 0.01875 0.0484375
0 0.51796875 0.215625 0.0296875 0.0953125
0 0.621875 0.18125 0.0453125 0.1
0 0.62734375 0.09921875 0.0484375 0.078125
0 0.73984375 0.0171875 0.0828125 0.034375
0 0.6875 0.00703125 0.025 0.0140625
0 0.7796875 0.0921875 0.05 0.0859375
0 0.85625 0.040625 0.034375 0.08125
0 0.90625 0.07890625 0.040625 0.0609375
0 0.9296875 0.1578125 0.0375 0.084375
0 0.94609375 0.2953125 0.0515625 0.0484375
0 0.93046875 0.2578125 0.0140625 0.0390625
0 0.8578125 0.18984375 0.0328125 0.0578125
0 0.79765625 0.165625 0.0515625 0.0625
0 0.75859375 0.096875 0.0453125 0.0609375
0 0.765625 0.1953125 0.059375 0.0921875
0 0.84375 0.234375 0.0484375 0.0703125
0 0.8953125 0.32734375 0.040625 0.075
0 0.96875 0.35703125 0.0265625 0.0390625
0 0.6984375 0.2140625 0.0296875 0.053125
0 0.75078125 0.2671875 0.0328125 0.0765625
0 0.8296875 0.3546875 0.0390625 0.0609375
0 0.90703125 0.55234375 0.0375 0.0671875
0 0.97578125 0.59296875 0.0484375 0.0546875
0 0.73125 0.69765625 0.025 0.065625
0 0.74296875 0.540625 0.0265625 0.0671875
0 0.76015625 0.61015625 0.0359375 0.0515625
0 0.77890625 0.46796875 0.028125 0.0609375
0 0.6265625 0.35234375 0.025 0.078125
0 0.37734375 0.4890625 0.0390625 0.046875
0 0.609375 0.5859375 0.03125 0.065625
0 0.63828125 0.4734375 0.028125 0.059375
0 0.73984375 0.43984375 0.0125 0.0546875
0 0.73203125 0.3640625 0.0234375 0.0421875
0 0.71875 0.49140625 0.0140625 0.0515625
0 0.23125 0.54296875 0.0609375 0.1765625