0 0.26875 0.71875 0.109375 0.1671875
0 0.44296875 0.93984375 0.0734375 0.11875
0 0.20703125 0.09375 0.1015625 0.1875
0 0.14296875 0.0453125 0.1046875 0.090625
0 0.371875 0.0765625 0.0625 0.153125
0 0.8921875 0.2890625 0.0765625 0.0890625
0 0.49453125 0.10546875 0.0265625 0.0796875
0 0.3953125 0.071875 0.034375 0.0484375
0 0.384375 0.0390625 0.05 0.0546875
0 0.540625 0.10703125 0.06875 0.115625
0 0.57734375 0.37890625 0.0375 0.075
0 0.57890625 0.38125 0.046875 0.0359375
0 0.5703125 0.41015625 0.0203125 0.053125
0 0.5484375 0.2875 0.0484375 0.1
0 0.6171875 0.14609375 0.0265625 0.0796875
0 0.66171875 0.103125 0.0453125 0.096875
0 0.69375 0.18671875 0.0375 0.1046875
0 0.646875 0.27890625 0.0328125 0.0875
0 0.6625 0.35078125 0.0375 0.0453125
0 0.73828125 0.3 0.028125 0.084375
0 0.784375 0.15703125 0.0484375 0.103125
0 0.89375 0.14296875 0.040625 0.059375
0 0.95078125 0.1625 0.0359375 0.0671875
0 0.98125 0.28359375 0.0359375 0.0859375
0 0.9203125 0.2703125 0.04375 0.0703125
0 0.91015625 0.275 0.04375 0.0765625
0 0.81640625 0.2609375 0.034375 0.0625
0 0.8578125 0.3390625 0.034375 0.075
0 0.90078125 0.43671875 0.0359375 0.090625
0 0.9328125 0.390625 0.03125 0.0671875
0 0.95390625 0.41640625 0.0453125 0.0828125
0 0.91640625 0.7140625 0.0359375 0.0765625
0 0.91171875 0.653125 0.05 0.109375
0 0.86875 0.68203125 0.040625 0.078125
0 0.87265625 0.5984375 0.0296875 0.0578125
0 0.8265625 0.5546875 0.0375 0.0640625
0 0.828125 0.453125 0.0390625 0.0515625
0 0.78515625 0.50234375 0.0296875 0.0484375
0 0.753125 0.53125 0.025 0.071875
0 0.73828125 0.59375 0.0296875 0.059375
0 0.7140625 0.47421875 0.03125 0.0515625
0 0.678125 0.45 0.0421875 0.0828125
0 0.65234375 0.4328125 0.0234375 0.0625
0 0.4875 0.4296875 0.065625 0.0484375
0 0.471875 0.25859375 0.053125 0.0515625
0 0.390625 0.1984375 0.0328125 0.05
0 0.2625 0.3390625 0.0265625 0.0296875
0 0.2578125 0.0671875 0.0265625 0.0296875
0 0.60390625 0.30703125 0.028125 0.0671875
0 0.57734375 0.54453125 0.025 0.0578125
0 0.6375 0.57265625 0.0390625 0.0703125
0 0.6765625 0.69921875 0.0265625 0.08125
0 0.70625 0.66796875 0.04375 0.071875
0 0.40390625 0.7453125 0.0328125 0.075
0 0.46171875 0.64453125 0.03125 0.06875
0 0.22578125 0.68203125 0.0328125 0.08125
0 0.321875 0.58671875 0.040625 0.11875
0 0.3046875 0.77890625 0.0390625 0.0859375
0 0.25625 0.78125 0.0421875 0.0625
0 0.24765625 0.83984375 0.05625 0.0375
0 0.14140625 0.79140625 0.021875 0.0421875
0 0.2796875 0.8953125 0.046875 0.03125
0 0.25546875 0.9015625 0.0328125 0.0609375
0 0.4453125 0.50234375 0.140625 0.090625
0 0.7046875 0.9359375 0.10625 0.128125
0 0.37109375 0.6765625 0.0765625 0.0953125