0 0.328125 0.76796875 0.0734375 0.1546875
0 0.55078125 0.940625 0.0484375 0.1109375
0 0.11171875 0.15078125 0.0453125 0.2375
0 0.03515625 0.10859375 0.06875 0.1546875
0 0.271875 0.115625 0.0234375 0.1625
0 0.8296875 0.20078125 0.059375 0.0765625
0 0.39921875 0.11875 0.0078125 0.0796875
0 0.29453125 0.11015625 0.025 0.04375
0 0.2765625 0.08046875 0.0390625 0.046875
0 0.44453125 0.10859375 0.04375 0.1078125
0 0.54609375 0.3640625 0.0203125 0.071875
0 0.54765625 0.365625 0.0421875 0.0265625
0 0.546875 0.39609375 0.0078125 0.053125
0 0.4953125 0.28203125 0.0265625 0.096875
0 0.528125 0.128125 0.0078125 0.0796875
0 0.5609375 0.07578125 0.0234375 0.09375
0 0.6125 0.14921875 0.0125 0.1046875
0 0.5890625 0.25 0.0125 0.0875
0 0.621875 0.315625 0.028125 0.0390625
0 0.6828125 0.2484375 0.0078125 0.084375
0 0.69296875 0.0984375 0.025 0.1
0 0.79609375 0.05859375 0.028125 0.0546875
0 0.85546875 0.06328125 0.0203125 0.0640625
0 0.96953125 0.04609375 0.0484375 0.0359375
0 0.99140625 0.07421875 0.009375 0.075
0 0.91484375 0.1734375 0.015625 0.084375
0 0.85234375 0.17578125 0.028125 0.065625
0 0.84375 0.18203125 0.0265625 0.071875
0 0.74921875 0.19140625 0.0203125 0.059375
0 0.8078125 0.25703125 0.0171875 0.0734375
0 0.8734375 0.34140625 0.0140625 0.090625
0 0.89375 0.2890625 0.015625 0.065625
0 0.9203125 0.309375 0.0265625 0.078125
0 0.97578125 0.25546875 0.009375 0.0546875
0 0.95546875 0.60703125 0.01875 0.0734375
0 0.93671875 0.54921875 0.025 0.10625
0 0.9015625 0.5875 0.0234375 0.075
0 0.88515625 0.50546875 0.0171875 0.0546875
0 0.83046875 0.47421875 0.0234375 0.0609375
0 0.80703125 0.375 0.028125 0.046875
0 0.77734375 0.43359375 0.01875 0.0453125
0 0.753125 0.46875 0.0078125 0.071875
0 0.75390625 0.53359375 0.015625 0.0578125
0 0.7015625 0.4234375 0.0203125 0.0484375
0 0.6609375 0.40859375 0.0234375 0.0796875
0 0.63125 0.39765625 0.009375 0.0625
0 0.47109375 0.434375 0.059375 0.034375
0 0.4140625 0.27265625 0.04375 0.0421875
0 0.32109375 0.23359375 0.021875 0.046875
0 0.23046875 0.4015625 0.021875 0.025
0 0.16015625 0.1390625 0.021875 0.025
0 0.55390625 0.2875 0.0125 0.065625
0 0.5859375 0.52421875 0.0125 0.05625
0 0.65078125 0.5375 0.0234375 0.0671875
0 0.71953125 0.65078125 0.0078125 0.08125
0 0.740625 0.61328125 0.028125 0.0671875
0 0.46640625 0.7609375 0.015625 0.0734375
0 0.49765625 0.64921875 0.015625 0.0671875
0 0.278125 0.74296875 0.0140625 0.0796875
0 0.3484375 0.62734375 0.0125 0.11875
0 0.378125 0.81796875 0.01875 0.084375
0 0.33125 0.83203125 0.0296875 0.05625
0 0.3375 0.890625 0.0515625 0.025
0 0.22265625 0.86953125 0.0125 0.040625
0 0.38203125 0.93671875 0.0421875 0.021875
0 0.36015625 0.9484375 0.01875 0.0578125
0 0.44753125000000005 0.5152812499999999 0.12943750000000004 0.06146875000000005
0 0.80796875 0.885140625 0.07467187499999994 0.138671875
0 0.418 0.70246875 0.05789062499999997 0.08443749999999994