0 0.540625 0.95234375 0.071875 0.0953125
0 0.2109375 0.96953125 0.078125 0.0609375
0 0.5703125 0.4203125 0.040625 0.0875
0 0.73359375 0.3921875 0.0421875 0.125
0 0.76328125 0.66875 0.0453125 0.1015625
0 0.778125 0.73203125 0.03125 0.040625
0 0.7890625 0.753125 0.0203125 0.0515625
0 0.80625 0.74296875 0.021875 0.0609375
0 0.80703125 0.63828125 0.0203125 0.071875
0 0.65859375 0.60234375 0.0484375 0.0296875
0 0.59140625 0.5421875 0.0296875 0.028125
0 0.60703125 0.4765625 0.0203125 0.065625
0 0.55078125 0.32421875 0.015625 0.09375
0 0.52890625 0.2734375 0.046875 0.0375
0 0.46796875 0.26484375 0.0265625 0.06875
0 0.65078125 0.06484375 0.0125 0.0671875
0 0.796875 0.12734375 0.0328125 0.0796875
0 0.82265625 0.0265625 0.0171875 0.0375
0 0.97578125 0.3984375 0.034375 0.05625
0 0.63828125 0.0421875 0.0125 0.040625
0 0.46640625 0.0859375 0.028125 0.090625
0 0.45234375 0.04453125 0.015625 0.021875
0 0.3875 0.12109375 0.03125 0.0828125
0 0.37265625 0.065625 0.0140625 0.0515625
0 0.38671875 0.35234375 0.0390625 0.053125
0 0.36796875 0.30625 0.0140625 0.0515625
0 0.43359375 0.20703125 0.021875 0.0546875
0 0.30234375 0.1234375 0.025 0.0703125
0 0.2609375 0.1140625 0.028125 0.0734375
0 0.22890625 0.07890625 0.01875 0.05625
0 0.20078125 0.0796875 0.015625 0.0578125
0 0.1875 0.1265625 0.028125 0.071875
0 0.159375 0.10703125 0.0328125 0.0953125
0 0.1515625 0.22890625 0.046875 0.084375
0 0.10390625 0.2125 0.015625 0.090625
0 0.03203125 0.07578125 0.0140625 0.034375
0 0.015625 0.11484375 0.03125 0.1046875
0 0.00703125 0.36328125 0.0140625 0.0703125
0 0.0078125 0.26875 0.015625 0.04375
0 0.059375 0.3734375 0.0171875 0.05
0 0.21171875 0.3265625 0.0234375 0.0609375
0 0.16171875 0.3421875 0.0359375 0.025
0 0.2078125 0.21953125 0.0203125 0.0796875
0 0.203125 0.1921875 0.021875 0.0734375
0 0.253125 0.3484375 0.01875 0.071875
0 0.259375 0.33359375 0.028125 0.04375
0 0.296875 0.3453125 0.0375 0.065625
0 0.32890625 0.23828125 0.028125 0.0453125
0 0.3921875 0.428125 0.0265625 0.053125
0 0.3484375 0.45 0.0171875 0.0703125
0 0.33203125 0.52109375 0.025 0.0625
0 0.3109375 0.5265625 0.0109375 0.0859375
0 0.2875 0.4828125 0.0125 0.0484375
0 0.47109375 0.75703125 0.046875 0.034375
0 0.52265625 0.40625 0.021875 0.05
0 0.4265625 0.39609375 0.015625 0.0328125
0 0.01171875 0.51484375 0.0234375 0.1234375
0 0.84375 0.4109375 0.115625 0.159375
0 0.69140625 0.20546875 0.065625 0.1546875
0 0.31640625 0.284375 0.046875 0.2234375
0 0.16015625 0.46015625 0.0640625 0.153125
0 0.1265625 0.3890625 0.0453125 0.090625
0 0.6359375 0.71796875 0.096875 0.1828125
0 0.55 0.828125 0.0859375 0.11875
0 0.6265625 0.578125 0.040625 0.115625
0 0.59296875 0.4328125 0.05 0.121875