0 0.49140625 0.95390625 0.065625 0.090625
0 0.82109375 0.95859375 0.0734375 0.0765625
0 0.42421875 0.42578125 0.034375 0.0859375
0 0.259375 0.40859375 0.034375 0.1234375
0 0.24921875 0.68671875 0.0390625 0.0984375
0 0.2390625 0.75078125 0.028125 0.0390625
0 0.22890625 0.77265625 0.0171875 0.05
0 0.21171875 0.7640625 0.0171875 0.059375
0 0.203125 0.659375 0.015625 0.0703125
0 0.34921875 0.61328125 0.046875 0.0265625
0 0.41171875 0.5484375 0.028125 0.0265625
0 0.39140625 0.484375 0.015625 0.0640625
0 0.43671875 0.328125 0.009375 0.09375
0 0.45546875 0.27578125 0.0453125 0.034375
0 0.515625 0.26328125 0.021875 0.0671875
0 0.31953125 0.0765625 0.0078125 0.0671875
0 0.178125 0.14921875 0.028125 0.078125
0 0.1453125 0.05 0.0140625 0.0359375
0 0.01796875 0.43203125 0.03125 0.0546875
0 0.33046875 0.053125 0.009375 0.040625
0 0.5046875 0.084375 0.021875 0.0890625
0 0.515625 0.0421875 0.0140625 0.0203125
0 0.5859375 0.1140625 0.025 0.08125
0 0.596875 0.0578125 0.0109375 0.0515625
0 0.60234375 0.34453125 0.0359375 0.05
0 0.61796875 0.29765625 0.0109375 0.0515625
0 0.54609375 0.203125 0.01875 0.053125
0 0.67109375 0.1109375 0.0203125 0.06875
0 0.71171875 0.0984375 0.0234375 0.071875
0 0.74140625 0.0609375 0.015625 0.0546875
0 0.76953125 0.06015625 0.0109375 0.0578125
0 0.7859375 0.10546875 0.0234375 0.0703125
0 0.8125 0.084375 0.0265625 0.09375
0 0.82890625 0.20546875 0.040625 0.08125
0 0.875 0.1859375 0.009375 0.090625
0 0.9375 0.04453125 0.0109375 0.034375
0 0.959375 0.0828125 0.03125 0.103125
0 0.9921875 0.0765625 0.015625 0.0671875
0 0.984375 0.32890625 0.0140625 0.06875
0 0.97734375 0.2359375 0.01875 0.0421875
0 0.93046875 0.34296875 0.0140625 0.0484375
0 0.77578125 0.30703125 0.01875 0.059375
0 0.8265625 0.31875 0.034375 0.0234375
0 0.771875 0.2 0.015625 0.078125
0 0.775 0.171875 0.0171875 0.071875
0 0.7359375 0.33125 0.0140625 0.0703125
0 0.728125 0.3171875 0.025 0.0421875
0 0.6921875 0.33125 0.0328125 0.0640625
0 0.65234375 0.22734375 0.025 0.04375
0 0.60234375 0.42109375 0.0234375 0.0515625
0 0.64765625 0.43984375 0.0125 0.0703125
0 0.66875 0.509375 0.0203125 0.0609375
0 0.690625 0.51328125 0.0046875 0.0859375
0 0.7109375 0.46796875 0.009375 0.0484375
0 0.546875 0.7546875 0.0453125 0.03125
0 0.47109375 0.4078125 0.01875 0.0484375
0 0.56640625 0.39140625 0.0140625 0.03125
0 0.9890625 0.48046875 0.01875 0.121875
0 0.151140625 0.435421875 0.10539062500000003 0.15173437500000003
0 0.28865625 0.219234375 0.055421875000000044 0.15064062499999997
0 0.66846875 0.272296875 0.03207812499999996 0.222359375
0 0.8358437500000001 0.436203125 0.052953125000000156 0.150171875
0 0.8649374999999999 0.363 0.03924999999999983 0.08817187499999997
0 0.37971875 0.726609375 0.08443750000000003 0.17787499999999995
0 0.4733125 0.830703125 0.07787500000000006 0.1141718749999999
0 0.37903125000000004 0.5865625 0.03304687499999996 0.11340625000000007
0 0.40229687500000005 0.439328125 0.042078124999999966 0.11892187500000002