0 0.396875 0.9421875 0.0828125 0.1015625
0 0.71875 0.98515625 0.0875 0.0296875
0 0.44140625 0.41171875 0.0515625 0.090625
0 0.28359375 0.3609375 0.059375 0.128125
0 0.215625 0.63046875 0.059375 0.1046875
0 0.19296875 0.69140625 0.0359375 0.04375
0 0.178125 0.71015625 0.0265625 0.053125
0 0.16328125 0.6984375 0.0296875 0.0609375
0 0.1765625 0.59453125 0.0296875 0.071875
0 0.32890625 0.5796875 0.0515625 0.0359375
0 0.40390625 0.52890625 0.0328125 0.03125
0 0.396875 0.4625 0.028125 0.065625
0 0.47421875 0.31875 0.028125 0.09375
0 0.503125 0.27109375 0.0515625 0.04375
0 0.56484375 0.271875 0.0359375 0.0703125
0 0.41171875 0.0484375 0.021875 0.0671875
0 0.2578125 0.08984375 0.04375 0.0828125
0 0.04296875 0.33359375 0.0421875 0.059375
0 0.42734375 0.02734375 0.0171875 0.0421875
0 0.590625 0.09453125 0.040625 0.0921875
0 0.61015625 0.05546875 0.01875 0.0234375
0 0.6640625 0.140625 0.040625 0.084375
0 0.68671875 0.0875 0.021875 0.053125
0 0.6328125 0.36953125 0.0453125 0.05625
0 0.6578125 0.3265625 0.021875 0.053125
0 0.60703125 0.21953125 0.0296875 0.05625
0 0.7484375 0.1546875 0.034375 0.071875
0 0.790625 0.1515625 0.0375 0.075
0 0.82734375 0.12109375 0.0265625 0.05625
0 0.85546875 0.12578125 0.0234375 0.059375
0 0.86171875 0.1734375 0.0375 0.0734375
0 0.8921875 0.15859375 0.0453125 0.096875
0 0.8828125 0.28046875 0.05625 0.0875
0 0.93203125 0.27109375 0.028125 0.090625
0 0.95390625 0.4359375 0.0234375 0.05
0 0.81015625 0.36875 0.03125 0.0625
0 0.85703125 0.390625 0.0390625 0.0296875
0 0.828125 0.26328125 0.03125 0.0796875
0 0.8375 0.2359375 0.03125 0.0734375
0 0.765625 0.384375 0.028125 0.071875
0 0.7609375 0.36875 0.0328125 0.046875
0 0.7234375 0.375 0.0453125 0.06875
0 0.70546875 0.26484375 0.0328125 0.0484375
0 0.61640625 0.44375 0.034375 0.0546875
0 0.65703125 0.471875 0.0265625 0.071875
0 0.66328125 0.54453125 0.0328125 0.0640625
0 0.68359375 0.55234375 0.021875 0.084375
0 0.71328125 0.5125 0.01875 0.05
0 0.49296875 0.75859375 0.0515625 0.040625
0 0.490625 0.40390625 0.028125 0.0515625
0 0.5875 0.4078125 0.0203125 0.0328125
0 0.98046875 0.58203125 0.0390625 0.1234375
0 0.171875 0.3640625 0.134375 0.1703125
0 0.3515625 0.18125 0.0859375 0.159375
0 0.7125 0.3125 0.078125 0.2234375
0 0.84140625 0.5078125 0.0828125 0.1578125
0 0.88515625 0.4421875 0.05625 0.09375
0 0.33515625 0.696875 0.1203125 0.1921875
0 0.40546875 0.81796875 0.1 0.128125
0 0.3640625 0.559375 0.05625 0.1171875
0 0.4171875 0.4203125 0.065625 0.125