0 0.978125 0.16328125 0.028125 0.21875
0 0.9734375 0.5953125 0.053125 0.1
0 0.81953125 0.71484375 0.0625 0.053125
0 0.84765625 0.8125 0.034375 0.1359375
0 0.7375 0.94140625 0.0703125 0.0828125
0 0.68828125 0.89453125 0.025 0.046875
0 0.56328125 0.909375 0.0328125 0.0359375
0 0.5359375 0.9203125 0.0125 0.0796875
0 0.4625 0.98359375 0.0171875 0.028125
0 0.60234375 0.97109375 0.0203125 0.0390625
0 0.89140625 0.87578125 0.0328125 0.134375
0 0.77421875 0.6921875 0.01875 0.0796875
0 0.821875 0.61640625 0.0359375 0.0859375
0 0.8109375 0.47421875 0.040625 0.1390625
0 0.75703125 0.52578125 0.0609375 0.0375
0 0.76015625 0.19375 0.0546875 0.1453125
0 0.83046875 0.07734375 0.0203125 0.0703125
0 0.7390625 0.04296875 0.03125 0.0453125
0 0.65859375 0.05 0.0296875 0.05
0 0.47734375 0.19921875 0.0328125 0.071875
0 0.5203125 0.2046875 0.0375 0.0875
0 0.359375 0.26484375 0.0125 0.071875
0 0.41484375 0.1765625 0.0140625 0.065625
0 0.50234375 0.3203125 0.0203125 0.0359375
0 0.5125 0.38046875 0.0171875 0.0609375
0 0.6140625 0.41171875 0.0265625 0.0578125
0 0.72734375 0.353125 0.0109375 0.0515625
0 0.58046875 0.60546875 0.0328125 0.0671875
0 0.60546875 0.559375 0.0421875 0.021875
0 0.34453125 0.4390625 0.0234375 0.06875
0 0.29375 0.43125 0.01875 0.075
0 0.27109375 0.446875 0.0125 0.0671875
0 0.25 0.503125 0.0078125 0.059375
0 0.11171875 0.4375 0.0453125 0.0875
0 0.10078125 0.4328125 0.028125 0.040625
0 0.01640625 0.459375 0.0328125 0.040625
0 0.159375 0.3484375 0.075 0.0375
0 0.18671875 0.1671875 0.040625 0.0703125
0 0.05703125 0.07578125 0.0453125 0.0625
0 0.27265625 0.0796875 0.046875 0.0453125
0 0.2328125 0.0578125 0.0375 0.0421875
0 0.36875 0.0515625 0.021875 0.03125
0 0.28359375 0.16015625 0.034375 0.05
0 0.23125 0.24609375 0.01875 0.0640625
0 0.19609375 0.21328125 0.0140625 0.04375
0 0.2046875 0.2765625 0.021875 0.0296875
0 0.2578125 0.31015625 0.040625 0.0546875
0 0.30703125 0.33984375 0.03125 0.05625
0 0.35703125 0.37890625 0.0265625 0.05625
0 0.34375 0.30234375 0.0296875 0.0625
0 0.41015625 0.34140625 0.0125 0.0609375
0 0.05234375 0.30703125 0.0140625 0.0703125
0 0.05390625 0.26640625 0.0359375 0.065625
0 0.525 0.496875 0.1484375 0.125
0 0.1375 0.684375 0.1328125 0.321875
0 0.05546875 0.23671875 0.1109375 0.1234375
0 0.1421875 0.07109375 0.1125 0.0640625
0 0.58515625 0.31796875 0.040625 0.140625
0 0.63828125 0.253125 0.0359375 0.1453125
0 0.628125 0.51484375 0.034375 0.1328125
0 0.528125 0.75625 0.1203125 0.2171875
0 0.5765625 0.6953125 0.0734375 0.16875