0 0.01015625 0.18046875 0.0203125 0.21875
0 0.02890625 0.61171875 0.0515625 0.0984375
0 0.18828125 0.72578125 0.0609375 0.0515625
0 0.16328125 0.82421875 0.0296875 0.134375
0 0.278125 0.94921875 0.0671875 0.08125
0 0.32578125 0.90078125 0.0234375 0.0453125
0 0.45078125 0.91171875 0.03125 0.034375
0 0.47890625 0.92109375 0.009375 0.0796875
0 0.5546875 0.98203125 0.015625 0.028125
0 0.4140625 0.97421875 0.01875 0.0390625
0 0.121875 0.8890625 0.028125 0.1328125
0 0.2328125 0.7015625 0.015625 0.0796875
0 0.18203125 0.62734375 0.0328125 0.084375
0 0.18828125 0.48515625 0.0359375 0.1375
0 0.24375 0.534375 0.059375 0.0359375
0 0.2296875 0.203125 0.05 0.14375
0 0.1546875 0.0890625 0.0171875 0.0703125
0 0.2453125 0.0515625 0.0296875 0.04375
0 0.32578125 0.05546875 0.028125 0.0484375
0 0.5125 0.1984375 0.0296875 0.0703125
0 0.46953125 0.20546875 0.034375 0.0859375
0 0.63203125 0.26015625 0.009375 0.071875
0 0.5734375 0.1734375 0.0125 0.065625
0 0.49140625 0.3203125 0.01875 0.0359375
0 0.48359375 0.38125 0.015625 0.0609375
0 0.3828125 0.415625 0.025 0.05625
0 0.26796875 0.3609375 0.009375 0.0515625
0 0.4234375 0.60859375 0.03125 0.065625
0 0.396875 0.56328125 0.0421875 0.0203125
0 0.653125 0.43359375 0.0203125 0.06875
0 0.70390625 0.42421875 0.015625 0.075
0 0.7265625 0.4390625 0.0109375 0.0671875
0 0.75 0.49453125 0.00625 0.059375
0 0.8859375 0.42421875 0.0421875 0.0859375
0 0.896875 0.41875 0.0265625 0.0390625
0 0.98203125 0.44296875 0.0328125 0.0390625
0 0.83515625 0.33671875 0.0734375 0.034375
0 0.8015625 0.15625 0.0375 0.06875
0 0.928125 0.0609375 0.04375 0.0609375
0 0.7125 0.071875 0.0453125 0.04375
0 0.7515625 0.0484375 0.0359375 0.040625
0 0.615625 0.046875 0.0203125 0.03125
0 0.7046875 0.153125 0.0328125 0.0484375
0 0.759375 0.23671875 0.0171875 0.0640625
0 0.79375 0.203125 0.0125 0.04375
0 0.7875 0.26640625 0.0203125 0.0296875
0 0.73515625 0.3015625 0.0390625 0.053125
0 0.6875 0.3328125 0.0296875 0.0546875
0 0.63828125 0.37421875 0.025 0.0546875
0 0.64921875 0.296875 0.028125 0.0609375
0 0.584375 0.33828125 0.0109375 0.0609375
0 0.940625 0.29140625 0.0109375 0.0703125
0 0.9375 0.25078125 0.034375 0.0640625
0 0.47468750000000004 0.49740624999999994 0.14437499999999998 0.11946875000000005
0 0.8689218750000001 0.6717500000000001 0.12154687499999994 0.31815625000000003
0 0.93940625 0.220890625 0.11804687499999993 0.11954687499999998
0 0.842875 0.058625000000000003 0.11112499999999992 0.060640625000000004
0 0.40828125000000004 0.321078125 0.036578124999999996 0.1386875
0 0.353328125 0.258390625 0.03165624999999998 0.14456249999999998
0 0.372515625 0.519109375 0.029406249999999988 0.13162500000000002
0 0.48110937500000006 0.7571718749999998 0.11278124999999992 0.21399999999999997
0 0.4305 0.69753125 0.06712500000000002 0.16657812500000002