0 0.06640625 0.71484375 0.071875 0.1078125
0 0.246875 0.78984375 0.0703125 0.0640625
0 0.24453125 0.89140625 0.059375 0.1375
0 0.384375 0.9703125 0.084375 0.059375
0 0.4203125 0.9296875 0.0328125 0.05
0 0.54453125 0.9125 0.0375 0.040625
0 0.57421875 0.91484375 0.0265625 0.0796875
0 0.66171875 0.95703125 0.021875 0.03125
0 0.52265625 0.9796875 0.0265625 0.040625
0 0.21796875 0.94765625 0.0578125 0.1046875
0 0.28515625 0.75625 0.0328125 0.08125
0 0.21875 0.6953125 0.0515625 0.0890625
0 0.19296875 0.55546875 0.065625 0.1421875
0 0.2578125 0.59140625 0.065625 0.0484375
0 0.16953125 0.271875 0.08125 0.1515625
0 0.07109375 0.17734375 0.0328125 0.071875
0 0.15078125 0.1203125 0.0390625 0.05
0 0.23046875 0.10625 0.0390625 0.053125
0 0.44453125 0.203125 0.0453125 0.075
0 0.40390625 0.21953125 0.053125 0.0921875
0 0.575 0.23671875 0.025 0.071875
0 0.4984375 0.165625 0.0265625 0.0671875
0 0.4515625 0.3265625 0.0265625 0.0390625
0 0.45703125 0.38828125 0.0296875 0.0625
0 0.3671875 0.44453125 0.0375 0.0609375
0 0.24296875 0.41640625 0.0203125 0.053125
0 0.45 0.62265625 0.0453125 0.0703125
0 0.4140625 0.58515625 0.0453125 0.0296875
0 0.634375 0.40078125 0.0359375 0.071875
0 0.68125 0.38046875 0.0328125 0.0765625
0 0.70703125 0.38984375 0.025 0.0671875
0 0.7421875 0.43828125 0.01875 0.059375
0 0.859375 0.3390625 0.0609375 0.09375
0 0.86875 0.33125 0.034375 0.04375
0 0.95703125 0.3359375 0.040625 0.0453125
0 0.78984375 0.265625 0.0796875 0.05
0 0.71640625 0.096875 0.0515625 0.075
0 0.6109375 0.03515625 0.0546875 0.053125
0 0.64375 0.01328125 0.04375 0.0265625
0 0.5109375 0.0328125 0.0265625 0.034375
0 0.62109375 0.115625 0.0421875 0.0546875
0 0.69375 0.18515625 0.03125 0.065625
0 0.71953125 0.14453125 0.021875 0.0453125
0 0.72734375 0.2078125 0.0265625 0.0328125
0 0.684375 0.25390625 0.05 0.0609375
0 0.6453125 0.29453125 0.040625 0.059375
0 0.60625 0.34609375 0.0359375 0.059375
0 0.6 0.26875 0.040625 0.065625
0 0.54609375 0.3234375 0.025 0.0625
0 0.88203125 0.19765625 0.0265625 0.0703125
0 0.8703125 0.15859375 0.0484375 0.0703125
0 0.475 0.503125 0.1671875 0.1484375
0 0.8984375 0.584375 0.190625 0.3375
0 0.865625 0.12890625 0.1421875 0.14375
0 0.734375 0.0171875 0.121875 0.034375
0 0.3703125 0.34609375 0.0671875 0.14375
0 0.303125 0.29765625 0.0640625 0.1484375
0 0.38046875 0.54765625 0.0578125 0.134375
0 0.5390625 0.7546875 0.1578125 0.234375
0 0.4765625 0.7078125 0.103125 0.178125