0 0.4328125 0.9828125 0.1125 0.034375
0 0.5859375 0.8921875 0.0703125 0.0703125
0 0.53359375 0.88203125 0.0546875 0.053125
0 0.4125 0.896875 0.0671875 0.103125
0 0.15390625 0.46171875 0.040625 0.0546875
0 0.00859375 0.48359375 0.0171875 0.0203125
0 0.00859375 0.4640625 0.0171875 0.021875
0 0.04765625 0.33359375 0.05625 0.090625
0 0.18125 0.45078125 0.0359375 0.0578125
0 0.17578125 0.3984375 0.0375 0.05625
0 0.11796875 0.3296875 0.0484375 0.0375
0 0.01640625 0.196875 0.0328125 0.03125
0 0.084375 0.20859375 0.03125 0.04375
0 0.0375 0.16953125 0.0265625 0.0296875
0 0.10234375 0.1671875 0.03125 0.01875
0 0.18125 0.2671875 0.0578125 0.0515625
0 0.23828125 0.23671875 0.0328125 0.0640625
0 0.27265625 0.39375 0.0359375 0.065625
0 0.24375 0.34609375 0.034375 0.0359375
0 0.178125 0.33203125 0.0484375 0.0390625
0 0.30703125 0.2984375 0.034375 0.0671875
0 0.44765625 0.32890625 0.021875 0.059375
0 0.35859375 0.13046875 0.0265625 0.090625
0 0.31171875 0.12578125 0.0703125 0.05625
0 0.2671875 0.1328125 0.0375 0.0359375
0 0.4796875 0.0609375 0.0453125 0.0640625
0 0.58203125 0.2875 0.0484375 0.0671875
0 0.671875 0.1359375 0.03125 0.0640625
0 0.79375 0.3921875 0.040625 0.103125
0 0.915625 0.090625 0.0234375 0.0359375
0 0.87578125 0.5953125 0.03125 0.075
0 0.8484375 0.715625 0.046875 0.109375
0 0.82734375 0.7140625 0.028125 0.0765625
0 0.74921875 0.81640625 0.0390625 0.125
0 0.76640625 0.75546875 0.0734375 0.071875
0 0.721875 0.79609375 0.0515625 0.0890625
0 0.7265625 0.921875 0.0765625 0.0625
0 0.54921875 0.6 0.034375 0.0734375
0 0.615625 0.52734375 0.0296875 0.0484375
0 0.69765625 0.4671875 0.0265625 0.0609375
0 0.7375 0.54453125 0.046875 0.0640625
0 0.5125 0.54296875 0.025 0.08125
0 0.4515625 0.61328125 0.03125 0.0796875
0 0.51640625 0.6609375 0.040625 0.0328125
0 0.509375 0.6140625 0.0453125 0.0328125
0 0.459375 0.5609375 0.0390625 0.0328125
0 0.33671875 0.49375 0.040625 0.03125
0 0.0328125 0.4046875 0.040625 0.0328125
0 0.40234375 0.3640625 0.1421875 0.171875
0 0.24609375 0.1453125 0.1515625 0.1203125
0 0.6359375 0.23125 0.115625 0.1203125
0 0.09609375 0.36171875 0.1265625 0.121875
0 0.109375 0.60703125 0.20625 0.2109375
0 0.3265625 0.5125 0.153125 0.228125
0 0.60390625 0.415625 0.075 0.0671875
0 0.8578125 0.41953125 0.075 0.246875
0 0.4046875 0.78671875 0.103125 0.15625
0 0.13515625 0.83828125 0.06875 0.1921875
0 0.69765625 0.58203125 0.1484375 0.153125