0 0.66953125 0.97421875 0.10625 0.04375
0 0.49765625 0.9015625 0.059375 0.059375
0 0.546875 0.88046875 0.046875 0.04375
0 0.66796875 0.8703125 0.0484375 0.0953125
0 0.83046875 0.390625 0.03125 0.05
0 0.98359375 0.38125 0.0296875 0.0140625
0 0.98203125 0.36171875 0.0328125 0.015625
0 0.9078125 0.24296875 0.0390625 0.084375
0 0.8015625 0.3859375 0.025 0.053125
0 0.79609375 0.33359375 0.028125 0.0515625
0 0.83828125 0.25390625 0.04375 0.0296875
0 0.91953125 0.1015625 0.05 0.021875
0 0.84609375 0.12890625 0.0234375 0.0390625
0 0.88359375 0.08046875 0.021875 0.025
0 0.81953125 0.0921875 0.0296875 0.0125
0 0.76328125 0.20625 0.05 0.0421875
0 0.7015625 0.18828125 0.0203125 0.0609375
0 0.7 0.34921875 0.0234375 0.0625
0 0.71875 0.29609375 0.028125 0.03125
0 0.7796875 0.26875 0.0421875 0.03125
0 0.646875 0.2625 0.021875 0.0640625
0 0.515625 0.321875 0.009375 0.059375
0 0.56171875 0.109375 0.0078125 0.090625
0 0.60625 0.09453125 0.0625 0.04375
0 0.6515625 0.0921875 0.03125 0.0296875
0 0.42890625 0.06640625 0.034375 0.0578125
0 0.37578125 0.309375 0.0359375 0.0609375
0 0.25625 0.1796875 0.01875 0.0609375
0 0.18984375 0.45546875 0.0203125 0.1015625
0 0.00859375 0.1859375 0.0171875 0.0328125
0 0.15234375 0.67109375 0.015625 0.0734375
0 0.20390625 0.78359375 0.025 0.10625
0 0.22421875 0.77734375 0.0125 0.075
0 0.321875 0.86171875 0.0140625 0.125
0 0.29296875 0.80546875 0.0625 0.0609375
0 0.34453125 0.8359375 0.034375 0.084375
0 0.36640625 0.959375 0.0671875 0.05
0 0.47265625 0.6078125 0.0203125 0.0703125
0 0.39296875 0.55078125 0.0203125 0.0453125
0 0.3 0.50859375 0.0140625 0.059375
0 0.27734375 0.59296875 0.0359375 0.0578125
0 0.496875 0.54453125 0.0078125 0.08125
0 0.57109375 0.60078125 0.015625 0.078125
0 0.5171875 0.6609375 0.0359375 0.0265625
0 0.51484375 0.61328125 0.040625 0.025
0 0.55234375 0.5515625 0.034375 0.0265625
0 0.65859375 0.46015625 0.0359375 0.025
0 0.93671875 0.309375 0.0359375 0.0265625
0 0.567671875 0.34695312500000003 0.11362500000000005 0.15084375
0 0.674453125 0.100296875 0.13548437500000005 0.094
0 0.31146875 0.26551562500000003 0.095796875 0.102546875
0 0.8663125 0.28096875 0.10799999999999983 0.10220312499999995
0 0.90425 0.523625 0.1727499999999999 0.17815624999999996
0 0.6722812499999999 0.47640625 0.11168750000000002 0.20870312499999993
0 0.38040625 0.43896875 0.06418749999999998 0.05571874999999995
0 0.13368750000000001 0.49584374999999997 0.023609375000000023 0.24760937500000005
0 0.652828125 0.76071875 0.07557812500000001 0.142984375
0 0.9269999999999999 0.75490625 0.0290156249999999 0.1907343749999999
0 0.32406250000000003 0.621375 0.12374999999999999 0.12992187499999996