0 0.30625 0.96484375 0.1078125 0.05
0 0.48125 0.90078125 0.0625 0.0625
0 0.43359375 0.87734375 0.0484375 0.046875
0 0.3125 0.8609375 0.053125 0.0984375
0 0.17578125 0.3734375 0.034375 0.0515625
0 0.0234375 0.35625 0.0296875 0.015625
0 0.02578125 0.33671875 0.0328125 0.0171875
0 0.10625 0.221875 0.04375 0.0859375
0 0.2046875 0.3703125 0.028125 0.0546875
0 0.21328125 0.31796875 0.03125 0.053125
0 0.175 0.23671875 0.0453125 0.03125
0 0.1015625 0.08046875 0.0515625 0.025
0 0.1734375 0.1109375 0.025 0.040625
0 0.1390625 0.0609375 0.0234375 0.0265625
0 0.20234375 0.07578125 0.0296875 0.0140625
0 0.25234375 0.19296875 0.0515625 0.0453125
0 0.31484375 0.178125 0.0234375 0.0625
0 0.3078125 0.3390625 0.0265625 0.0640625
0 0.2921875 0.28515625 0.0296875 0.0328125
0 0.2328125 0.2546875 0.04375 0.0328125
0 0.365625 0.25546875 0.025 0.065625
0 0.49375 0.32109375 0.0125 0.059375
0 0.45859375 0.10703125 0.0125 0.090625
0 0.41484375 0.08984375 0.0640625 0.046875
0 0.3703125 0.08515625 0.0328125 0.03125
0 0.59375 0.07109375 0.0375 0.059375
0 0.634375 0.31640625 0.0390625 0.0625
0 0.76015625 0.19296875 0.021875 0.0625
0 0.81171875 0.471875 0.025 0.103125
0 0.83828125 0.6890625 0.01875 0.0734375
0 0.78046875 0.7984375 0.03125 0.1078125
0 0.7609375 0.79140625 0.0171875 0.075
0 0.65859375 0.8703125 0.0203125 0.125
0 0.690625 0.815625 0.065625 0.0640625
0 0.6375 0.84375 0.0390625 0.0859375
0 0.609375 0.965625 0.0703125 0.053125
0 0.521875 0.609375 0.0234375 0.071875
0 0.60390625 0.55625 0.021875 0.046875
0 0.69921875 0.51875 0.0171875 0.059375
0 0.7171875 0.6046875 0.0390625 0.059375
0 0.50078125 0.54453125 0.0125 0.08125
0 0.4234375 0.596875 0.0203125 0.078125
0 0.47421875 0.66015625 0.0375 0.028125
0 0.47890625 0.6125 0.0421875 0.0265625
0 0.4453125 0.5484375 0.0359375 0.028125
0 0.34375 0.4515625 0.0375 0.0265625
0 0.07421875 0.28671875 0.0375 0.028125
0 0.440625 0.34375 0.121875 0.15625
0 0.346875 0.09140625 0.140625 0.1015625
0 0.70078125 0.27578125 0.1015625 0.1078125
0 0.1453125 0.26171875 0.1125 0.1078125
0 0.0953125 0.50234375 0.18125 0.1875
0 0.32890625 0.4671875 0.121875 0.2140625
0 0.62265625 0.4453125 0.0671875 0.059375
0 0.86640625 0.51484375 0.0359375 0.2484375
0 0.33359375 0.75234375 0.0828125 0.146875
0 0.06015625 0.73203125 0.0390625 0.1921875
0 0.66953125 0.63046875 0.1296875 0.1359375