0 0.31484375 0.10546875 0.1140625 0.109375
0 0.19609375 0.4359375 0.1546875 0.153125
0 0.7765625 0.55234375 0.0890625 0.1109375
0 0.55546875 0.94453125 0.1359375 0.1109375
0 0.35 0.8296875 0.0921875 0.103125
0 0.39140625 0.54765625 0.05625 0.0765625
0 0.4875 0.403125 0.078125 0.0703125
0 0.6140625 0.065625 0.05625 0.0421875
0 0.6359375 0.028125 0.078125 0.05625
0 0.6984375 0.1140625 0.1046875 0.115625
0 0.67890625 0.33203125 0.065625 0.075
0 0.78828125 0.58203125 0.0640625 0.11875
0 0.75390625 0.68125 0.09375 0.0703125
0 0.7671875 0.86171875 0.078125 0.0609375
0 0.64765625 0.50859375 0.0703125 0.0671875
0 0.51484375 0.84375 0.0828125 0.075
0 0.48984375 0.85546875 0.0625 0.059375
0 0.665625 0.93828125 0.0421875 0.03125
0 0.7 0.8984375 0.128125 0.146875
0 0.4796875 0.48203125 0.03125 0.0640625
0 0.54140625 0.51796875 0.0390625 0.0703125
0 0.6203125 0.45625 0.0453125 0.0453125
0 0.70234375 0.38828125 0.034375 0.0546875
0 0.58984375 0.2875 0.0546875 0.05625
0 0.61328125 0.22578125 0.046875 0.0296875
0 0.5546875 0.225 0.034375 0.0640625
0 0.20078125 0.140625 0.046875 0.0265625
0 0.21875 0.18359375 0.06875 0.0453125
0 0.2015625 0.24140625 0.046875 0.0546875
0 0.26640625 0.3703125 0.034375 0.0734375
0 0.21953125 0.3453125 0.034375 0.0234375
0 0.09296875 0.34921875 0.053125 0.0359375
0 0.0765625 0.3046875 0.0671875 0.1125
0 0.015625 0.4 0.03125 0.1125
0 0.29609375 0.51484375 0.05 0.028125
0 0.39921875 0.40859375 0.0296875 0.0203125
0 0.40390625 0.30234375 0.0390625 0.028125
0 0.0390625 0.53671875 0.0578125 0.0453125
0 0.05859375 0.2109375 0.0328125 0.025
0 0.0828125 0.1546875 0.1234375 0.0828125
0 0.14609375 0.35859375 0.0375 0.0234375
0 0.121875 0.38671875 0.034375 0.03125
0 0.44375 0.27421875 0.121875 0.1265625
0 0.265625 0.20859375 0.103125 0.0890625
0 0.0578125 0.23515625 0.115625 0.1578125
0 0.11796875 0.45234375 0.16875 0.1734375
0 0.2625 0.71171875 0.1140625 0.14375
0 0.1 0.7140625 0.1375 0.1734375
0 0.5015625 0.56015625 0.1265625 0.178125
0 0.6703125 0.20390625 0.1515625 0.25625