0 0.4703125 0.065625 0.1140625 0.1078125
0 0.73515625 0.29609375 0.153125 0.1515625
0 0.2828125 0.6796875 0.0875 0.109375
0 0.6703125 0.921875 0.134375 0.121875
0 0.79140625 0.715625 0.090625 0.1015625
0 0.61796875 0.4890625 0.0546875 0.0765625
0 0.4640625 0.409375 0.0765625 0.06875
0 0.18984375 0.17578125 0.05625 0.040625
0 0.146875 0.1453125 0.078125 0.0734375
0 0.13984375 0.25859375 0.103125 0.1140625
0 0.26171875 0.43984375 0.065625 0.075
0 0.2875 0.71171875 0.0625 0.11875
0 0.365625 0.78125 0.09375 0.06875
0 0.4421875 0.94609375 0.078125 0.0609375
0 0.375 0.5796875 0.06875 0.0671875
0 0.65390625 0.8078125 0.0828125 0.075
0 0.68125 0.80625 0.0609375 0.0578125
0 0.56796875 0.9640625 0.0421875 0.0296875
0 0.51875 0.9359375 0.125 0.128125
0 0.50859375 0.47421875 0.0296875 0.0640625
0 0.47265625 0.5359375 0.0375 0.0703125
0 0.3734375 0.5203125 0.0453125 0.0453125
0 0.26875 0.50078125 0.034375 0.0546875
0 0.31875 0.3578125 0.053125 0.05625
0 0.26796875 0.31484375 0.046875 0.028125
0 0.31875 0.2859375 0.0328125 0.0640625
0 0.0875 0.13515625 0.0296875 0.034375
0 0.5875 0.040625 0.046875 0.025
0 0.59296875 0.0875 0.0671875 0.04375
0 0.63515625 0.1296875 0.046875 0.0546875
0 0.64140625 0.2734375 0.0328125 0.0734375
0 0.67109375 0.22890625 0.034375 0.0234375
0 0.7828125 0.17109375 0.053125 0.034375
0 0.77578125 0.1234375 0.065625 0.1125
0 0.9 0.165625 0.084375 0.1125
0 0.84453125 0.0234375 0.0546875 0.03125
0 0.6859375 0.4140625 0.05 0.028125
0 0.54375 0.371875 0.0296875 0.0203125
0 0.48828125 0.28046875 0.0390625 0.0265625
0 0.92109375 0.30859375 0.0578125 0.04375
0 0.74609375 0.0328125 0.0328125 0.0234375
0 0.69609375 0.01796875 0.1234375 0.0359375
0 0.74140625 0.2046875 0.0375 0.0234375
0 0.77578125 0.21796875 0.034375 0.03125
0 0.43984375 0.275 0.1203125 0.1265625
0 0.5640625 0.13125 0.103125 0.0875
0 0.7734375 0.06171875 0.15 0.1234375
0 0.8109375 0.27265625 0.1671875 0.171875
0 0.81015625 0.56953125 0.1125 0.1421875
0 0.94296875 0.4921875 0.1140625 0.171875
0 0.528125 0.55390625 0.1234375 0.1765625
0 0.20703125 0.3234375 0.1484375 0.25625