0 0.5765625 0.07109375 0.0953125 0.0875
0 0.77734375 0.359375 0.1265625 0.125
0 0.24609375 0.621875 0.065625 0.096875
0 0.56328125 0.95078125 0.1140625 0.096875
0 0.73046875 0.7796875 0.071875 0.0875
0 0.6171875 0.51796875 0.0390625 0.06875
0 0.48671875 0.403125 0.065625 0.0546875
0 0.27734375 0.11015625 0.05 0.0296875
0 0.24296875 0.0703125 0.065625 0.059375
0 0.20859375 0.17890625 0.0828125 0.096875
0 0.28359375 0.384375 0.0515625 0.0640625
0 0.24296875 0.65390625 0.0359375 0.1140625
0 0.3015625 0.740625 0.084375 0.05
0 0.3359375 0.91875 0.06875 0.0453125
0 0.359375 0.546875 0.0578125 0.0546875
0 0.575 0.8359375 0.0703125 0.059375
0 0.6015625 0.840625 0.0515625 0.046875
0 0.45390625 0.96640625 0.0375 0.021875
0 0.41015625 0.93671875 0.0984375 0.125
0 0.96953125 0.94140625 0.05625 0.0703125
0 0.51484375 0.47734375 0.015625 0.0625
0 0.46484375 0.528125 0.021875 0.0671875
0 0.37265625 0.4890625 0.0375 0.0375
0 0.27578125 0.44453125 0.021875 0.0515625
0 0.35859375 0.31796875 0.04375 0.046875
0 0.31953125 0.2640625 0.04375 0.01875
0 0.37578125 0.2484375 0.01875 0.0609375
0 0.18828125 0.04609375 0.0234375 0.0296875
0 0.69609375 0.07578125 0.04375 0.015625
0 0.68984375 0.121875 0.0625 0.0296875
0 0.72109375 0.1734375 0.0359375 0.046875
0 0.6921875 0.3140625 0.015625 0.071875
0 0.73125 0.278125 0.03125 0.015625
0 0.85390625 0.24921875 0.0484375 0.0234375
0 0.85859375 0.2015625 0.040625 0.10625
0 0.96875 0.271875 0.0625 0.1
0 0.94921875 0.12109375 0.0515625 0.01875
0 0.70078125 0.46171875 0.046875 0.0171875
0 0.5734375 0.3859375 0.0265625 0.0140625
0 0.54140625 0.284375 0.0359375 0.01875
0 0.9546875 0.41640625 0.0515625 0.0328125
0 0.8515625 0.10625 0.0296875 0.0171875
0 0.81328125 0.05859375 0.1125 0.05625
0 0.80546875 0.271875 0.034375 0.015625
0 0.8359375 0.29296875 0.0296875 0.025
0 0.496125 0.26690625 0.09835937500000007 0.10532812499999995
0 0.651015625 0.1576875 0.08860937500000006 0.06814062499999998
0 0.8762968750000001 0.124953125 0.12240624999999987 0.1308125
0 0.85684375 0.35476562500000003 0.13629687500000004 0.14354687500000002
0 0.784015625 0.6428281250000001 0.08509375000000005 0.12592187500000004
0 0.94184375 0.6030625 0.10068750000000008 0.15265625000000008
0 0.5141875 0.558703125 0.08725000000000005 0.16081249999999994
0 0.25842187499999997 0.25779687500000004 0.09251562499999996 0.240234375