0 0.2828125 0.903125 0.125 0.090625
0 0.2125 0.4953125 0.0921875 0.1203125
0 0.2703125 0.67578125 0.08125 0.1125
0 0.63671875 0.878125 0.1078125 0.0953125
0 0.63125 0.9453125 0.078125 0.0421875
0 0.74921875 0.1453125 0.128125 0.175
0 0.75 0.146875 0.0984375 0.13125
0 0.66484375 0.078125 0.0625 0.040625
0 0.52109375 0.08671875 0.04375 0.0125
0 0.4875 0.0734375 0.08125 0.109375
0 0.24140625 0.04609375 0.0796875 0.0921875
0 0.10078125 0.09140625 0.0984375 0.11875
0 0.06171875 0.9171875 0.065625 0.0390625
0 0.409375 0.79765625 0.0734375 0.0734375
0 0.521875 0.98359375 0.053125 0.0328125
0 0.703125 0.8671875 0.0328125 0.084375
0 0.7125 0.87109375 0.025 0.071875
0 0.7546875 0.678125 0.0421875 0.0796875
0 0.80390625 0.77421875 0.0390625 0.0546875
0 0.96484375 0.671875 0.034375 0.04375
0 0.79296875 0.5828125 0.0375 0.0859375
0 0.428125 0.42109375 0.046875 0.08125
0 0.26015625 0.08125 0.084375 0.0921875
0 0.2671875 0.01484375 0.028125 0.0296875
0 0.16875 0.00390625 0.05 0.0078125
0 0.503125 0.40078125 0.065625 0.0453125
0 0.5421875 0.2796875 0.0828125 0.1
0 0.50078125 0.30703125 0.040625 0.021875
0 0.39140625 0.26328125 0.040625 0.059375
0 0.4 0.196875 0.0359375 0.040625
0 0.384375 0.13984375 0.059375 0.0515625
0 0.3703125 0.16875 0.0421875 0.0203125
0 0.375 0.1125 0.0265625 0.021875
0 0.7203125 0.36875 0.05625 0.090625
0 0.721875 0.234375 0.0578125 0.0328125
0 0.684375 0.23515625 0.0734375 0.0421875
0 0.8359375 0.17265625 0.0234375 0.0328125
0 0.69609375 0.3046875 0.0453125 0.028125
0 0.675 0.390625 0.0390625 0.0375
0 0.59296875 0.4640625 0.028125 0.0734375
0 0.22578125 0.76328125 0.034375 0.0734375
0 0.37421875 0.7859375 0.040625 0.0296875
0 0.059375 0.31328125 0.05 0.0359375
0 0.27578125 0.346875 0.034375 0.046875
0 0.2640625 0.04921875 0.040625 0.025
0 0.7203125 0.57265625 0.1140625 0.1046875
0 0.6234375 0.5140625 0.0453125 0.046875
0 0.6234375 0.803125 0.1 0.0671875
0 0.1109375 0.8 0.090625 0.1375
0 0.1125 0.43671875 0.0828125 0.171875
0 0.1890625 0.125 0.1578125 0.18125
0 0.27109375 0.2765625 0.1140625 0.1546875
0 0.390625 0.11171875 0.0890625 0.1234375