0 0.65121875 0.9321093749999999 0.11493749999999991 0.07326562500000015
0 0.784375 0.540625 0.0765625 0.109375
0 0.69921875 0.709375 0.065625 0.103125
0 0.30546875 0.85234375 0.096875 0.08125
0 0.30078125 0.91953125 0.0734375 0.03125
0 0.309375 0.1109375 0.1046875 0.1609375
0 0.30859375 0.1125 0.08125 0.1203125
0 0.403125 0.0578125 0.0578125 0.03125
0 0.54375 0.08828125 0.04375 0.00625
0 0.57890625 0.08046875 0.0671875 0.1
0 0.82734375 0.08203125 0.0640625 0.1046875
0 0.95859375 0.15859375 0.0828125 0.1078125
0 0.98359375 0.8234375 0.0296875 0.090625
0 0.86796875 0.98046875 0.0625 0.0296875
0 0.54296875 0.8078125 0.0640625 0.0640625
0 0.4015625 0.98046875 0.0484375 0.0359375
0 0.2421875 0.83125 0.0203125 0.0828125
0 0.23203125 0.83359375 0.0140625 0.0703125
0 0.2203125 0.6359375 0.03125 0.075
0 0.15703125 0.7234375 0.03125 0.05
0 0.0140625 0.596875 0.028125 0.0390625
0 0.19765625 0.5359375 0.025 0.0828125
0 0.58359375 0.43359375 0.0359375 0.0765625
0 0.80234375 0.12421875 0.071875 0.08125
0 0.80703125 0.0515625 0.021875 0.0390625
0 0.90625 0.05078125 0.046875 0.021875
0 0.5125 0.4015625 0.0609375 0.0359375
0 0.49296875 0.27578125 0.06875 0.090625
0 0.5296875 0.309375 0.0390625 0.015625
0 0.64453125 0.28359375 0.0328125 0.0546875
0 0.64609375 0.21640625 0.03125 0.0359375
0 0.6703125 0.1625 0.053125 0.04375
0 0.6796875 0.19296875 0.040625 0.0140625
0 0.684375 0.13671875 0.0234375 0.01875
0 0.303125 0.3359375 0.04375 0.084375
0 0.32265625 0.203125 0.0546875 0.025
0 0.359375 0.209375 0.06875 0.03125
0 0.21953125 0.12421875 0.01875 0.0296875
0 0.33671875 0.2765625 0.0421875 0.021875
0 0.34453125 0.36484375 0.034375 0.0328125
0 0.4140625 0.45 0.0171875 0.071875
0 0.7296875 0.803125 0.0234375 0.0703125
0 0.5796875 0.80234375 0.0375 0.0234375
0 0.9640625 0.384375 0.0453125 0.0296875
0 0.7453125 0.38359375 0.028125 0.04375
0 0.80390625 0.09140625 0.0375 0.01875
0 0.2711875 0.53725 0.10137499999999999 0.08978125000000006
0 0.375984375 0.49453125 0.03865625000000002 0.04184374999999996
0 0.330484375 0.78025 0.09215625000000002 0.05390625
0 0.8373125 0.8575312500000001 0.07223437500000003 0.12720312500000003
0 0.8927968749999999 0.49828124999999995 0.05815625000000004 0.1649531249999999
0 0.865625 0.17843750000000003 0.13439062499999999 0.16278125000000004
0 0.7614375 0.31509375 0.09275000000000003 0.14232812499999997
0 0.668890625 0.133546875 0.07157812500000009 0.113625