0 0.74453125 0.88671875 0.128125 0.096875
0 0.7859375 0.47578125 0.0984375 0.1234375
0 0.74140625 0.659375 0.0875 0.115625
0 0.38984375 0.88671875 0.1125 0.1015625
0 0.4 0.95390625 0.078125 0.046875
0 0.2265625 0.1640625 0.1375 0.1796875
0 0.2265625 0.165625 0.10625 0.1359375
0 0.30625 0.090625 0.0640625 0.04375
0 0.45 0.0890625 0.04375 0.015625
0 0.4828125 0.0734375 0.0875 0.1125
0 0.72421875 0.03828125 0.0859375 0.0765625
0 0.8703125 0.0640625 0.1046875 0.1234375
0 0.96640625 0.88515625 0.0671875 0.04375
0 0.6109375 0.790625 0.0765625 0.0765625
0 0.51171875 0.98359375 0.0546875 0.0328125
0 0.3234375 0.88046875 0.0390625 0.0859375
0 0.3140625 0.88515625 0.0296875 0.071875
0 0.2578125 0.6953125 0.046875 0.0796875
0 0.21640625 0.79453125 0.0421875 0.05625
0 0.0484375 0.70390625 0.0359375 0.04375
0 0.21328125 0.603125 0.04375 0.0859375
0 0.56640625 0.41640625 0.0515625 0.0828125
0 0.71015625 0.065625 0.0890625 0.0953125
0 0.69765625 0.0078125 0.0296875 0.015625
0 0.48984375 0.4015625 0.0671875 0.0484375
0 0.44296875 0.2828125 0.0875 0.103125
0 0.4859375 0.3078125 0.0421875 0.0234375
0 0.5921875 0.25625 0.04375 0.0609375
0 0.57890625 0.190625 0.0390625 0.0421875
0 0.58984375 0.1328125 0.0609375 0.0546875
0 0.60625 0.16015625 0.0421875 0.0234375
0 0.59765625 0.1046875 0.0265625 0.0234375
0 0.27109375 0.384375 0.0609375 0.0921875
0 0.26015625 0.25078125 0.059375 0.0359375
0 0.29765625 0.2484375 0.0734375 0.0453125
0 0.1421875 0.196875 0.025 0.0328125
0 0.290625 0.31875 0.0453125 0.03125
0 0.31796875 0.403125 0.040625 0.0390625
0 0.4046875 0.4703125 0.0328125 0.0734375
0 0.7921875 0.74375 0.0390625 0.0734375
0 0.6453125 0.7765625 0.0421875 0.03125
0 0.92578125 0.2828125 0.0515625 0.0390625
0 0.7125 0.33125 0.0375 0.0484375
0 0.70390625 0.03359375 0.040625 0.0265625
0 0.28515625 0.5875 0.11875 0.1109375
0 0.378125 0.52265625 0.046875 0.05
0 0.39765625 0.8109375 0.1015625 0.0734375
0 0.909375 0.77265625 0.0984375 0.140625
0 0.88203125 0.41015625 0.09375 0.1734375
0 0.78359375 0.1046875 0.1671875 0.1890625
0 0.71328125 0.2609375 0.121875 0.159375
0 0.58203125 0.1046875 0.0953125 0.1265625