0 0.85703125 0.85234375 0.153125 0.11875
0 0.87109375 0.5734375 0.071875 0.1296875
0 0.17265625 0.73203125 0.13125 0.178125
0 0.0765625 0.40859375 0.0953125 0.2
0 0.253125 0.87421875 0.0390625 0.0734375
0 0.2171875 0.8515625 0.0328125 0.0390625
0 0.271875 0.75 0.0375 0.065625
0 0.2 0.60546875 0.0328125 0.0703125
0 0.17578125 0.42265625 0.025 0.084375
0 0.4234375 0.1265625 0.0703125 0.0875
0 0.415625 0.14765625 0.075 0.040625
0 0.56171875 0.1203125 0.096875 0.05
0 0.68984375 0.06640625 0.046875 0.071875
0 0.69765625 0.31640625 0.0734375 0.0828125
0 0.659375 0.25390625 0.0171875 0.115625
0 0.709375 0.240625 0.0484375 0.034375
0 0.83671875 0.2484375 0.0453125 0.065625
0 0.95703125 0.65625 0.08125 0.1375
0 0.94375 0.06875 0.0625 0.0765625
0 0.90703125 0.04453125 0.0546875 0.0296875
0 0.78515625 0.0984375 0.065625 0.0375
0 0.7515625 0.1359375 0.0359375 0.01875
0 0.7421875 0.15625 0.03125 0.021875
0 0.7640625 0.16171875 0.0484375 0.0203125
0 0.88203125 0.20078125 0.0359375 0.03125
0 0.89765625 0.09921875 0.03125 0.028125
0 0.603125 0.046875 0.046875 0.03125
0 0.8234375 0.703125 0.028125 0.08125
0 0.79765625 0.3609375 0.0375 0.0390625
0 0.88203125 0.24453125 0.040625 0.028125
0 0.89609375 0.32890625 0.03125 0.0390625
0 0.8828125 0.4453125 0.0390625 0.034375
0 0.20625 0.37265625 0.0265625 0.0609375
0 0.18359375 0.115625 0.0359375 0.01875
0 0.24921875 0.06875 0.01875 0.0640625
0 0.33359375 0.1953125 0.0390625 0.0640625
0 0.38203125 0.221875 0.0359375 0.03125
0 0.4109375 0.18203125 0.03125 0.040625
0 0.46015625 0.41875 0.05625 0.0625
0 0.5203125 0.36328125 0.046875 0.05
0 0.5890625 0.30078125 0.0359375 0.009375
0 0.37734375 0.378125 0.0421875 0.01875
0 0.47421875 0.525 0.034375 0.034375
0 0.275 0.70703125 0.0671875 0.034375
0 0.33828125 0.80703125 0.025 0.0578125
0 0.39140625 0.878125 0.0609375 0.053125
0 0.38046875 0.946875 0.0296875 0.0609375
0 0.40078125 0.97421875 0.021875 0.05
0 0.44140625 0.91484375 0.021875 0.0484375
0 0.7625 0.27109375 0.0296875 0.021875
0 0.7546875 0.403125 0.0234375 0.03125
0 0.75625 0.4984375 0.0375 0.03125
0 0.5348437500000001 0.649515625 0.16468749999999996 0.09867187499999996
0 0.41903125 0.7793125 0.1525625 0.21140624999999993
0 0.622265625 0.85509375 0.21171875 0.15984374999999992
0 0.280125 0.380546875 0.105359375 0.09198437500000001
0 0.5274687499999999 0.270203125 0.16659375 0.234859375
0 0.66290625 0.72990625 0.06793750000000003 0.09070312499999993