0 0.89765625 0.80625 0.1671875 0.1359375
0 0.87734375 0.52734375 0.0875 0.1375
0 0.203125 0.7703125 0.1515625 0.1921875
0 0.06875 0.4609375 0.11875 0.209375
0 0.30078125 0.9015625 0.0484375 0.078125
0 0.2625 0.88359375 0.0375 0.0421875
0 0.30390625 0.77578125 0.0453125 0.0703125
0 0.21484375 0.64140625 0.040625 0.0734375
0 0.16875 0.4625 0.034375 0.0875
0 0.378125 0.1390625 0.0796875 0.0953125
0 0.3734375 0.1609375 0.0796875 0.05
0 0.51484375 0.115625 0.1015625 0.0609375
0 0.6359375 0.046875 0.0546875 0.0765625
0 0.6734375 0.29375 0.0828125 0.090625
0 0.628125 0.2359375 0.03125 0.1171875
0 0.6765625 0.2171875 0.0515625 0.040625
0 0.80390625 0.209375 0.053125 0.0703125
0 0.96171875 0.5984375 0.0765625 0.146875
0 0.8875 0.0296875 0.071875 0.059375
0 0.84765625 0.0078125 0.0578125 0.015625
0 0.734375 0.06640625 0.0703125 0.0453125
0 0.70546875 0.1078125 0.0375 0.0234375
0 0.6984375 0.1296875 0.034375 0.025
0 0.72109375 0.13203125 0.05 0.0265625
0 0.84296875 0.15625 0.0390625 0.0359375
0 0.84609375 0.05390625 0.034375 0.03125
0 0.546875 0.0375 0.05 0.0375
0 0.84609375 0.6625 0.0375 0.084375
0 0.778125 0.32578125 0.0421875 0.04375
0 0.8484375 0.2 0.04375 0.0328125
0 0.87265625 0.28203125 0.0359375 0.0421875
0 0.8734375 0.39921875 0.0421875 0.0390625
0 0.19296875 0.409375 0.034375 0.0640625
0 0.1390625 0.15703125 0.0375 0.0234375
0 0.1984375 0.10234375 0.0265625 0.065625
0 0.29765625 0.21796875 0.046875 0.06875
0 0.34921875 0.23828125 0.0390625 0.0359375
0 0.37265625 0.1953125 0.0359375 0.04375
0 0.45078125 0.42421875 0.0640625 0.06875
0 0.503125 0.36171875 0.053125 0.0546875
0 0.5640625 0.29140625 0.0375 0.0140625
0 0.36328125 0.39375 0.04375 0.0234375
0 0.47734375 0.528125 0.0390625 0.0390625
0 0.3015625 0.7328125 0.0703125 0.0421875
0 0.3765625 0.82421875 0.03125 0.0609375
0 0.43828125 0.88828125 0.0671875 0.059375
0 0.4359375 0.9578125 0.0375 0.0640625
0 0.459375 0.978125 0.028125 0.04375
0 0.4921875 0.91875 0.028125 0.05
0 0.7328125 0.240625 0.0328125 0.025
0 0.740625 0.37265625 0.0265625 0.034375
0 0.75390625 0.4671875 0.040625 0.0359375
0 0.553125 0.64453125 0.175 0.11875
0 0.45390625 0.78671875 0.1765625 0.228125
0 0.66484375 0.8375 0.2296875 0.184375
0 0.2671875 0.40859375 0.115625 0.1046875
0 0.49921875 0.26875 0.19375 0.253125
0 0.68984375 0.70859375 0.078125 0.0984375