0 0.90234375 0.79921875 0.16875 0.1390625
0 0.87734375 0.52109375 0.0890625 0.1390625
0 0.2078125 0.775 0.1546875 0.1953125
0 0.06796875 0.46875 0.121875 0.2109375
0 0.3078125 0.9046875 0.0484375 0.078125
0 0.26875 0.8875 0.0375 0.04375
0 0.30859375 0.7796875 0.046875 0.0703125
0 0.21796875 0.64609375 0.0421875 0.0734375
0 0.16796875 0.46875 0.0359375 0.0875
0 0.371875 0.140625 0.08125 0.096875
0 0.3671875 0.1625 0.0796875 0.05
0 0.50859375 0.115625 0.103125 0.0625
0 0.62734375 0.04453125 0.05625 0.078125
0 0.6703125 0.290625 0.084375 0.0921875
0 0.6234375 0.234375 0.0328125 0.1171875
0 0.67109375 0.2140625 0.053125 0.040625
0 0.7984375 0.20390625 0.0546875 0.071875
0 0.96171875 0.590625 0.0765625 0.146875
0 0.8796875 0.0265625 0.071875 0.053125
0 0.83984375 0.00546875 0.0578125 0.0109375
0 0.7265625 0.0625 0.0703125 0.046875
0 0.6984375 0.1046875 0.0375 0.0234375
0 0.6921875 0.12578125 0.034375 0.0265625
0 0.7140625 0.128125 0.0515625 0.0265625
0 0.83671875 0.15078125 0.040625 0.0359375
0 0.83828125 0.04765625 0.034375 0.0328125
0 0.5390625 0.03671875 0.05 0.0375
0 0.8484375 0.65625 0.0390625 0.084375
0 0.77578125 0.32109375 0.0421875 0.04375
0 0.84296875 0.19375 0.04375 0.0328125
0 0.86875 0.27578125 0.0359375 0.04375
0 0.87109375 0.3921875 0.04375 0.0390625
0 0.19140625 0.41484375 0.034375 0.0640625
0 0.1328125 0.16328125 0.0375 0.0234375
0 0.19140625 0.1078125 0.028125 0.065625
0 0.29296875 0.22109375 0.046875 0.06875
0 0.34453125 0.240625 0.040625 0.0359375
0 0.3671875 0.19765625 0.0359375 0.0453125
0 0.44921875 0.425 0.0640625 0.0703125
0 0.50078125 0.36171875 0.053125 0.05625
0 0.56015625 0.290625 0.0375 0.0140625
0 0.36171875 0.39609375 0.04375 0.025
0 0.478125 0.528125 0.0390625 0.0390625
0 0.30625 0.73671875 0.071875 0.04375
0 0.3828125 0.8265625 0.0328125 0.0609375
0 0.4453125 0.88984375 0.0671875 0.0609375
0 0.44375 0.959375 0.0375 0.0640625
0 0.4671875 0.978125 0.028125 0.04375
0 0.5 0.91875 0.028125 0.0515625
0 0.728125 0.23671875 0.0328125 0.0265625
0 0.7390625 0.36875 0.028125 0.034375
0 0.75390625 0.4625 0.0421875 0.0359375
0 0.55546875 0.64296875 0.1765625 0.1203125
0 0.45859375 0.7875 0.18125 0.23125
0 0.6703125 0.834375 0.23125 0.1875
0 0.265625 0.4125 0.1171875 0.10625
0 0.4953125 0.26875 0.1984375 0.25625
0 0.69296875 0.7046875 0.0796875 0.1