0 0.31953125 0.20625 0.24375 0.33125
0 0.1296875 0.14765625 0.1046875 0.1515625
0 0.271875 0.45546875 0.1328125 0.209375
0 0.10234375 0.24296875 0.0734375 0.0765625
0 0.046875 0.23828125 0.09375 0.0984375
0 0.59375 0.3484375 0.0796875 0.18125
0 0.684375 0.63203125 0.1015625 0.2078125
0 0.55703125 0.6265625 0.071875 0.0921875
0 0.575 0.690625 0.0734375 0.078125
0 0.5296875 0.7 0.08125 0.0421875
0 0.52421875 0.78203125 0.0515625 0.06875
0 0.68203125 0.83671875 0.0453125 0.06875
0 0.6984375 0.8234375 0.0515625 0.053125
0 0.78046875 0.82109375 0.0203125 0.0390625
0 0.6015625 0.1234375 0.0515625 0.059375
0 0.759375 0.30859375 0.0203125 0.059375
0 0.60234375 0.04453125 0.025 0.0640625
0 0.446875 0.20078125 0.034375 0.0625
0 0.44765625 0.24375 0.0515625 0.01875
0 0.29296875 0.09609375 0.0640625 0.0265625
0 0.484375 0.31484375 0.0578125 0.0546875
0 0.56484375 0.4375 0.0359375 0.0359375
0 0.46171875 0.40078125 0.05 0.0296875
0 0.35546875 0.3546875 0.059375 0.05
0 0.3203125 0.3859375 0.0703125 0.09375
0 0.30859375 0.37421875 0.0578125 0.0265625
0 0.26171875 0.33828125 0.0375 0.0203125
0 0.21796875 0.1640625 0.01875 0.0515625
0 0.15 0.30625 0.0265625 0.03125
0 0.0203125 0.30390625 0.040625 0.0703125
0 0.0109375 0.17890625 0.021875 0.0828125
0 0.0734375 0.2015625 0.040625 0.0484375
0 0.01953125 0.39296875 0.0390625 0.0734375
0 0.47890625 0.87578125 0.04375 0.059375
0 0.48125 0.9328125 0.0453125 0.053125
0 0.4953125 0.97734375 0.06875 0.0453125
0 0.60859375 0.959375 0.0546875 0.065625
0 0.125 0.7640625 0.1125 0.128125
0 0.13828125 0.9078125 0.103125 0.1125
0 0.071875 0.66953125 0.03125 0.0953125
0 0.26171875 0.86171875 0.05 0.0328125
0 0.4453125 0.52578125 0.0421875 0.0484375
0 0.4078125 0.534375 0.0390625 0.021875
0 0.08984375 0.42109375 0.0390625 0.04375