0 0.37890625 0.17734375 0.21875 0.3171875
0 0.203125 0.0828125 0.09375 0.1453125
0 0.284375 0.4125 0.1171875 0.2015625
0 0.15859375 0.171875 0.0671875 0.071875
0 0.08984375 0.1546875 0.1171875 0.090625
0 0.62109375 0.36953125 0.065625 0.178125
0 0.65546875 0.66484375 0.0859375 0.203125
0 0.53203125 0.63515625 0.065625 0.0875
0 0.5375 0.7015625 0.0671875 0.0734375
0 0.490625 0.70234375 0.0796875 0.0359375
0 0.46953125 0.78125 0.046875 0.065625
0 0.61484375 0.86484375 0.040625 0.065625
0 0.6328125 0.85546875 0.0484375 0.0484375
0 0.7140625 0.86875 0.0171875 0.0375
0 0.671875 0.15 0.0484375 0.0546875
0 0.79140625 0.36171875 0.015625 0.0578125
0 0.6875 0.07265625 0.0203125 0.0640625
0 0.5046875 0.19609375 0.0296875 0.0609375
0 0.49765625 0.23828125 0.05 0.015625
0 0.37421875 0.0640625 0.0640625 0.021875
0 0.51953125 0.31484375 0.0546875 0.0515625
0 0.575 0.45078125 0.0328125 0.0328125
0 0.48125 0.3953125 0.0484375 0.0265625
0 0.3859375 0.3296875 0.05625 0.0453125
0 0.34609375 0.353125 0.0640625 0.0890625
0 0.3359375 0.33984375 0.0578125 0.021875
0 0.296875 0.29609375 0.0359375 0.0171875
0 0.28671875 0.11640625 0.015625 0.05
0 0.19375 0.24296875 0.025 0.0296875
0 0.05625 0.21484375 0.05625 0.0671875
0 0.0578125 0.0875 0.0640625 0.078125
0 0.1375 0.12578125 0.0359375 0.0453125
0 0.0375 0.3015625 0.05625 0.0703125
0 0.40703125 0.86484375 0.0390625 0.05625
0 0.39921875 0.92109375 0.0421875 0.05
0 0.40390625 0.971875 0.065625 0.05
0 0.51875 0.9703125 0.05 0.059375
0 0.08203125 0.6875 0.103125 0.1203125
0 0.0671875 0.83203125 0.0953125 0.10625
0 0.04765625 0.58515625 0.0234375 0.0953125
0 0.19765625 0.809375 0.0484375 0.0296875
0 0.44140625 0.51484375 0.0375 0.0453125
0 0.403125 0.51640625 0.0390625 0.01875
0 0.1125 0.34453125 0.0359375 0.040625