0 0.340625 0.640625 0.1078125 0.1125
0 0.49296875 0.8640625 0.0578125 0.0734375
0 0.53046875 0.92578125 0.03125 0.065625
0 0.36875 0.878125 0.05 0.0796875
0 0.34921875 0.76875 0.059375 0.09375
0 0.3375 0.7921875 0.053125 0.06875
0 0.37265625 0.78203125 0.059375 0.04375
0 0.01328125 0.7484375 0.0265625 0.0875
0 0.01875 0.675 0.0375 0.075
0 0.24609375 0.290625 0.0859375 0.0546875
0 0.28828125 0.32734375 0.0421875 0.04375
0 0.26640625 0.27890625 0.03125 0.0453125
0 0.28046875 0.278125 0.0296875 0.0328125
0 0.3328125 0.3171875 0.05 0.0359375
0 0.29140625 0.36328125 0.05625 0.0203125
0 0.33046875 0.1375 0.065625 0.0359375
0 0.296875 0.05390625 0.065625 0.0515625
0 0.18046875 0.01953125 0.0328125 0.0375
0 0.128125 0.13046875 0.0453125 0.1
0 0.06796875 0.1046875 0.0859375 0.209375
0 0.08515625 0.12578125 0.0546875 0.0859375
0 0.05859375 0.21640625 0.05 0.065625
0 0.03828125 0.2078125 0.028125 0.0359375
0 0.55078125 0.1828125 0.0609375 0.059375
0 0.678125 0.06953125 0.03125 0.0515625
0 0.79296875 0.33515625 0.03125 0.053125
0 0.63125 0.81875 0.0375 0.0234375
0 0.525 0.84453125 0.053125 0.05
0 0.134375 0.79375 0.04375 0.0296875
0 0.5515625 0.72578125 0.05 0.05
0 0.56640625 0.8203125 0.025 0.0359375
0 0.540625 0.5078125 0.0359375 0.0390625
0 0.478125 0.5078125 0.0328125 0.053125
0 0.3671875 0.49765625 0.0296875 0.0359375
0 0.44609375 0.41640625 0.053125 0.03125
0 0.39921875 0.41328125 0.053125 0.0234375
0 0.27890625 0.1984375 0.01875 0.0328125
0 0.49765625 0.196875 0.0171875 0.0703125
0 0.45234375 0.2921875 0.040625 0.028125
0 0.15859375 0.1453125 0.0265625 0.0453125
0 0.12734375 0.090625 0.0296875 0.05
0 0.1859375 0.2578125 0.034375 0.025
0 0.12265625 0.34453125 0.0421875 0.0328125
0 0.4046875 0.24453125 0.1234375 0.25625
0 0.090625 0.490625 0.1515625 0.1484375
0 0.44921875 0.66796875 0.1359375 0.175