0 0.646875 0.65390625 0.0984375 0.1046875
0 0.475 0.86328125 0.0515625 0.06875
0 0.4328125 0.921875 0.025 0.0640625
0 0.59765625 0.88828125 0.04375 0.0765625
0 0.6265625 0.78046875 0.0515625 0.0890625
0 0.63671875 0.80546875 0.046875 0.065625
0 0.60234375 0.7921875 0.05625 0.0390625
0 0.97578125 0.790625 0.0453125 0.084375
0 0.97421875 0.7171875 0.0515625 0.0703125
0 0.77109375 0.31328125 0.0828125 0.046875
0 0.72578125 0.34609375 0.0390625 0.040625
0 0.75234375 0.3 0.028125 0.04375
0 0.73828125 0.2984375 0.0265625 0.03125
0 0.6828125 0.3328125 0.046875 0.03125
0 0.71953125 0.38203125 0.0546875 0.015625
0 0.70078125 0.15390625 0.0625 0.03125
0 0.74140625 0.0734375 0.0625 0.046875
0 0.86015625 0.04921875 0.0296875 0.034375
0 0.90234375 0.1640625 0.0375 0.096875
0 0.96484375 0.13828125 0.0671875 0.215625
0 0.94609375 0.16328125 0.0484375 0.08125
0 0.9640625 0.25625 0.0453125 0.0625
0 0.98515625 0.24921875 0.025 0.034375
0 0.47734375 0.1796875 0.05625 0.0546875
0 0.36015625 0.05546875 0.0265625 0.05
0 0.22265625 0.31015625 0.0265625 0.0515625
0 0.34140625 0.80625 0.0359375 0.0203125
0 0.4453125 0.84140625 0.05 0.0453125
0 0.83828125 0.82421875 0.0421875 0.0265625
0 0.42890625 0.7203125 0.0453125 0.046875
0 0.40625 0.81328125 0.021875 0.034375
0 0.45859375 0.50390625 0.0328125 0.0359375
0 0.52109375 0.509375 0.028125 0.0515625
0 0.6328125 0.509375 0.0265625 0.034375
0 0.5609375 0.42109375 0.0515625 0.0265625
0 0.6078125 0.42265625 0.0515625 0.01875
0 0.746875 0.21875 0.015625 0.03125
0 0.52890625 0.1984375 0.0109375 0.0703125
0 0.565625 0.296875 0.0390625 0.025
0 0.87109375 0.1765625 0.0234375 0.04375
0 0.90703125 0.125 0.025 0.0484375
0 0.834375 0.2859375 0.0328125 0.021875
0 0.8890625 0.378125 0.0390625 0.0296875
0 0.6175937499999999 0.25389062500000004 0.10232812500000002 0.248046875
0 0.9084218749999999 0.5263125 0.13942187500000003 0.13665625000000006
0 0.5357968750000001 0.671828125 0.12214062499999993 0.16517187500000005