0 0.38828125 0.68125 0.11875 0.1234375
0 0.6 0.85 0.0640625 0.078125
0 0.653125 0.8984375 0.0375 0.0671875
0 0.48515625 0.9 0.059375 0.084375
0 0.434375 0.80078125 0.06875 0.0984375
0 0.4296875 0.82734375 0.059375 0.0734375
0 0.4609375 0.80703125 0.0625 0.05
0 0.0953125 0.8828125 0.0625 0.0921875
0 0.08125 0.8109375 0.065625 0.0796875
0 0.19609375 0.3734375 0.090625 0.0625
0 0.246875 0.39609375 0.046875 0.0484375
0 0.21171875 0.35703125 0.0359375 0.0484375
0 0.225 0.35234375 0.0328125 0.0359375
0 0.28671875 0.37421875 0.053125 0.040625
0 0.2609375 0.43046875 0.05625 0.0265625
0 0.23203125 0.203125 0.0671875 0.04375
0 0.175 0.1328125 0.0703125 0.059375
0 0.05390625 0.13359375 0.0359375 0.0390625
0 0.03671875 0.2546875 0.05625 0.103125
0 0.0125 0.2421875 0.025 0.225
0 0.0125 0.26328125 0.025 0.0890625
0 0.01171875 0.35703125 0.0234375 0.0703125
0 0.45546875 0.18203125 0.065625 0.065625
0 0.54453125 0.0359375 0.0359375 0.0546875
0 0.73203125 0.25703125 0.0359375 0.05625
0 0.71875 0.76640625 0.0390625 0.0265625
0 0.62421875 0.82265625 0.0578125 0.0546875
0 0.23671875 0.8875 0.046875 0.034375
0 0.615625 0.70078125 0.0546875 0.0546875
0 0.65703125 0.78671875 0.028125 0.0375
0 0.54140625 0.4953125 0.0390625 0.0421875
0 0.48125 0.51328125 0.0375 0.05625
0 0.371875 0.53671875 0.0328125 0.0390625
0 0.42421875 0.43515625 0.05625 0.0359375
0 0.378125 0.446875 0.0546875 0.0296875
0 0.2 0.2765625 0.021875 0.034375
0 0.409375 0.2109375 0.025 0.0703125
0 0.39375 0.31484375 0.04375 0.0328125
0 0.06953125 0.2609375 0.03125 0.0484375
0 0.02421875 0.21796875 0.034375 0.053125
0 0.128125 0.36015625 0.0359375 0.028125
0 0.09375 0.46171875 0.04375 0.0375
0 0.33359375 0.28359375 0.1515625 0.2640625
0 0.10625 0.6109375 0.1640625 0.1625
0 0.50078125 0.67578125 0.153125 0.1875