0 0.8953125 0.315625 0.1984375 0.2734375
0 0.9703125 0.65078125 0.059375 0.1484375
0 0.97265625 0.59609375 0.0546875 0.0953125
0 0.3984375 0.8390625 0.0359375 0.0546875
0 0.49765625 0.80546875 0.053125 0.0890625
0 0.43046875 0.8640625 0.021875 0.0390625
0 0.39453125 0.79140625 0.04375 0.034375
0 0.459375 0.78515625 0.034375 0.05
0 0.484375 0.65234375 0.034375 0.0421875
0 0.48515625 0.6125 0.0234375 0.0328125
0 0.4453125 0.54921875 0.0421875 0.01875
0 0.45625 0.45546875 0.021875 0.065625
0 0.56796875 0.440625 0.05 0.0234375
0 0.621875 0.4203125 0.0515625 0.0234375
0 0.61796875 0.84140625 0.015625 0.040625
0 0.840625 0.7875 0.053125 0.03125
0 0.75625 0.33515625 0.0875 0.053125
0 0.6828125 0.365625 0.0546875 0.040625
0 0.6578125 0.3046875 0.046875 0.034375
0 0.71953125 0.24140625 0.053125 0.0984375
0 0.54609375 0.3140625 0.0453125 0.021875
0 0.48125 0.18359375 0.0515625 0.0734375
0 0.4609375 0.1828125 0.0265625 0.034375
0 0.55390625 0.05703125 0.01875 0.0671875
0 0.6421875 0.171875 0.0640625 0.059375
0 0.684375 0.06328125 0.0375 0.0296875
0 0.70390625 0.0421875 0.04375 0.0625
0 0.8171875 0.03828125 0.0546875 0.0765625
0 0.79453125 0.10078125 0.0234375 0.0484375
0 0.84609375 0.03671875 0.0296875 0.0703125
0 0.92734375 0.0578125 0.0484375 0.0625
0 0.94375 0.103125 0.05 0.040625
0 0.94296875 0.17265625 0.065625 0.065625
0 0.88984375 0.209375 0.046875 0.06875
0 0.83828125 0.184375 0.04375 0.0390625
0 0.68984375 0.23984375 0.0328125 0.0265625
0 0.5640625 0.57578125 0.1359375 0.23125
0 0.6703125 0.5125 0.10625 0.2515625
0 0.6265625 0.70078125 0.0734375 0.1109375
0 0.42734375 0.75234375 0.0484375 0.1859375