0 0.13828125 0.25625 0.234375 0.29375
0 0.025 0.5734375 0.05 0.15625
0 0.025 0.51953125 0.05 0.1015625
0 0.546875 0.85078125 0.0421875 0.0578125
0 0.4546875 0.8015625 0.0640625 0.09375
0 0.51171875 0.8703125 0.0265625 0.040625
0 0.55859375 0.8046875 0.046875 0.040625
0 0.49609375 0.78828125 0.040625 0.053125
0 0.49140625 0.653125 0.0390625 0.0453125
0 0.496875 0.61328125 0.0265625 0.0359375
0 0.54609375 0.55703125 0.04375 0.025
0 0.55 0.4625 0.03125 0.065625
0 0.4421875 0.43125 0.0515625 0.0296875
0 0.3921875 0.40234375 0.053125 0.0296875
0 0.33046875 0.81875 0.021875 0.040625
0 0.11875 0.73125 0.05625 0.0375
0 0.27265625 0.296875 0.0921875 0.0640625
0 0.340625 0.33828125 0.059375 0.046875
0 0.375 0.2828125 0.05 0.040625
0 0.3234375 0.21015625 0.0671875 0.103125
0 0.48359375 0.309375 0.046875 0.028125
0 0.56875 0.18984375 0.0609375 0.0796875
0 0.58828125 0.19296875 0.03125 0.0375
0 0.51640625 0.05390625 0.028125 0.0671875
0 0.4109375 0.153125 0.0703125 0.0671875
0 0.3859375 0.03984375 0.040625 0.034375
0 0.36953125 0.02421875 0.0515625 0.0484375
0 0.25859375 0.0171875 0.0640625 0.034375
0 0.271875 0.06015625 0.0296875 0.05
0 0.23046875 0.01171875 0.0390625 0.0234375
0 0.146875 0.015625 0.05625 0.03125
0 0.12421875 0.03828125 0.0546875 0.046875
0 0.1140625 0.1078125 0.0734375 0.0734375
0 0.16015625 0.1515625 0.0546875 0.0734375
0 0.21484375 0.13515625 0.0484375 0.0453125
0 0.353125 0.21328125 0.0359375 0.0296875
0 0.425 0.56484375 0.1671875 0.24375
0 0.3296875 0.4859375 0.1421875 0.2578125
0 0.34375 0.67890625 0.0875 0.11875
0 0.5328125 0.76015625 0.0765625 0.1859375