0 0.91015625 0.35078125 0.1765625 0.259375
0 0.96640625 0.69296875 0.0671875 0.14375
0 0.96953125 0.63828125 0.059375 0.090625
0 0.36953125 0.82890625 0.03125 0.0515625
0 0.47109375 0.80390625 0.0453125 0.0859375
0 0.39921875 0.85625 0.01875 0.0375
0 0.36953125 0.78125 0.040625 0.03125
0 0.434375 0.78046875 0.0296875 0.046875
0 0.47109375 0.65078125 0.03125 0.0390625
0 0.47578125 0.6109375 0.0203125 0.03125
0 0.44140625 0.54453125 0.040625 0.015625
0 0.46015625 0.4515625 0.015625 0.0640625
0 0.57265625 0.446875 0.0484375 0.01875
0 0.628125 0.43125 0.05 0.01875
0 0.5875 0.85 0.0125 0.0390625
0 0.8140625 0.81640625 0.0515625 0.0265625
0 0.76953125 0.3578125 0.084375 0.0453125
0 0.69375 0.38203125 0.0515625 0.0359375
0 0.67421875 0.31953125 0.04375 0.03125
0 0.74140625 0.26171875 0.0453125 0.0953125
0 0.5625 0.31875 0.04375 0.01875
0 0.50859375 0.1828125 0.0453125 0.0703125
0 0.4890625 0.18046875 0.0234375 0.0328125
0 0.5921875 0.06328125 0.0125 0.065625
0 0.6703125 0.18515625 0.059375 0.0546875
0 0.721875 0.08125 0.0359375 0.0265625
0 0.74296875 0.06171875 0.0390625 0.059375
0 0.85625 0.06796875 0.0484375 0.071875
0 0.828125 0.128125 0.01875 0.046875
0 0.88515625 0.06875 0.0234375 0.06875
0 0.9640625 0.096875 0.04375 0.059375
0 0.9765625 0.14296875 0.046875 0.0359375
0 0.96953125 0.2125 0.0609375 0.0609375
0 0.9140625 0.24453125 0.040625 0.065625
0 0.86484375 0.21484375 0.040625 0.0359375
0 0.71171875 0.25703125 0.03125 0.0234375
0 0.5569843750000001 0.5811875 0.11728124999999992 0.2214062499999999
0 0.668546875 0.527546875 0.08478124999999999 0.24535937499999996
0 0.608390625 0.7110624999999999 0.06448437499999997 0.10615624999999991
0 0.40549999999999997 0.74484375 0.03287499999999999 0.18307812499999992