0 0.790625 0.12890625 0.18125 0.19375
0 0.26953125 0.15546875 0.06875 0.2546875
0 0.40078125 0.69296875 0.025 0.06875
0 0.77734375 0.2375 0.0296875 0.1234375
0 0.82109375 0.2765625 0.0609375 0.0453125
0 0.96875 0.08515625 0.05625 0.0609375
0 0.765625 0.07890625 0.0625 0.0578125
0 0.571875 0.18984375 0.0359375 0.075
0 0.41875 0.053125 0.0453125 0.021875
0 0.62109375 0.309375 0.0328125 0.0609375
0 0.71171875 0.34296875 0.03125 0.08125
0 0.77109375 0.38203125 0.0484375 0.028125
0 0.9125 0.3046875 0.0453125 0.0453125
0 0.85625 0.1890625 0.0140625 0.0453125
0 0.89140625 0.87109375 0.1234375 0.1125
0 0.7171875 0.965625 0.075 0.065625
0 0.54765625 0.6234375 0.0578125 0.06875
0 0.609375 0.42421875 0.0359375 0.0859375
0 0.780890625 0.51190625 0.15385937500000005 0.15159374999999997
0 0.426078125 0.56746875 0.03340624999999999 0.13771874999999997
0 0.21623437499999998 0.493328125 0.05814062499999999 0.20818750000000003
0 0.5576875 0.8352187499999999 0.04087499999999995 0.16071874999999994