0 0.8453125 0.17890625 0.209375 0.2203125
0 0.32578125 0.12734375 0.1078125 0.2546875
0 0.371875 0.675 0.0359375 0.071875
0 0.81484375 0.284375 0.0484375 0.1265625
0 0.85234375 0.3296875 0.0671875 0.0546875
0 0.828125 0.12578125 0.0703125 0.0671875
0 0.61953125 0.2046875 0.046875 0.0796875
0 0.48984375 0.04609375 0.0484375 0.028125
0 0.64921875 0.33046875 0.0421875 0.065625
0 0.73359375 0.378125 0.04375 0.084375
0 0.7859375 0.42578125 0.0515625 0.0359375
0 0.93828125 0.371875 0.0515625 0.0515625
0 0.90078125 0.2484375 0.0203125 0.046875
0 0.82890625 0.928125 0.1390625 0.1296875
0 0.640625 0.97734375 0.084375 0.0453125
0 0.528125 0.6296875 0.0671875 0.0765625
0 0.61953125 0.4421875 0.0484375 0.090625
0 0.77578125 0.55546875 0.175 0.1734375
0 0.41640625 0.5546875 0.0546875 0.140625
0 0.22109375 0.44921875 0.090625 0.2140625
0 0.5046875 0.83984375 0.065625 0.165625