0 0.171875 0.1609375 0.2 0.2109375
0 0.69296875 0.13359375 0.0953125 0.2609375
0 0.61875 0.68125 0.0328125 0.0703125
0 0.196875 0.26796875 0.0421875 0.1265625
0 0.15703125 0.31171875 0.065625 0.0515625
0 0.0109375 0.13671875 0.021875 0.0671875
0 0.1921875 0.10859375 0.06875 0.0640625
0 0.39609375 0.19921875 0.04375 0.078125
0 0.534375 0.046875 0.046875 0.0265625
0 0.359375 0.3234375 0.0390625 0.0640625
0 0.27265625 0.365625 0.0390625 0.084375
0 0.21796875 0.4109375 0.0515625 0.0328125
0 0.06953125 0.34921875 0.05 0.05
0 0.11328125 0.228125 0.01875 0.046875
0 0.14921875 0.91015625 0.134375 0.125
0 0.3328125 0.97421875 0.08125 0.0515625
0 0.465625 0.628125 0.0640625 0.075
0 0.38359375 0.4359375 0.0453125 0.0890625
0 0.221875 0.54140625 0.16875 0.1671875
0 0.58046875 0.559375 0.046875 0.140625
0 0.78125 0.4640625 0.0796875 0.2125
0 0.47734375 0.8390625 0.0578125 0.1640625