0 0.48359375 0.1703125 0.075 0.284375
0 0.83515625 0.79453125 0.109375 0.11875
0 0.53203125 0.6171875 0.0546875 0.08125
0 0.71171875 0.5609375 0.0515625 0.0578125
0 0.275 0.89453125 0.0359375 0.0390625
0 0.878125 0.9109375 0.0578125 0.096875
0 0.6625 0.36953125 0.034375 0.0515625
0 0.4453125 0.08671875 0.015625 0.040625
0 0.69765625 0.10625 0.028125 0.065625
0 0.72578125 0.35703125 0.040625 0.04375
0 0.8125 0.321875 0.0359375 0.059375
0 0.91796875 0.30625 0.05 0.04375
0 0.903125 0.1484375 0.0453125 0.0734375
0 0.86796875 0.12734375 0.0515625 0.0234375
0 0.865625 0.0796875 0.0140625 0.0609375
0 0.875 0.38046875 0.03125 0.03125
0 0.5511874999999999 0.420234375 0.030484374999999987 0.29324999999999996
0 0.557703125 0.539515625 0.13414062500000004 0.08804687500000004