0 0.53359375 0.171875 0.0890625 0.2875
0 0.15 0.7765625 0.115625 0.125
0 0.46171875 0.615625 0.059375 0.084375
0 0.28515625 0.55 0.0546875 0.0609375
0 0.70390625 0.90546875 0.0375 0.040625
0 0.10078125 0.890625 0.0625 0.1
0 0.34453125 0.3609375 0.0375 0.053125
0 0.5765625 0.08984375 0.0171875 0.040625
0 0.3234375 0.09609375 0.03125 0.0671875
0 0.28203125 0.3453125 0.0421875 0.0453125
0 0.196875 0.30546875 0.0390625 0.0609375
0 0.09296875 0.284375 0.0515625 0.046875
0 0.115625 0.128125 0.0484375 0.075
0 0.15234375 0.10859375 0.053125 0.0265625
0 0.15703125 0.0609375 0.0171875 0.0609375
0 0.13203125 0.3609375 0.0328125 0.0328125
0 0.453125 0.41796875 0.0453125 0.29375
0 0.440625 0.53671875 0.1390625 0.0953125