0 0.43984375 0.125 0.0765625 0.184375
0 0.1875 0.8703125 0.1296875 0.140625
0 0.4546875 0.5703125 0.0546875 0.103125
0 0.74375 0.7796875 0.0359375 0.0359375
0 0.24921875 0.975 0.0703125 0.05
0 0.23125 0.9265625 0.053125 0.0875
0 0.2796875 0.57578125 0.05 0.06875
0 0.08671875 0.44765625 0.0484375 0.059375
0 0.13046875 0.48359375 0.034375 0.034375
0 0.04296875 0.24140625 0.0546875 0.0796875
0 0.07734375 0.1515625 0.025 0.046875
0 0.19453125 0.11171875 0.0265625 0.034375
0 0.48046875 0.13671875 0.0171875 0.053125
0 0.17421875 0.4359375 0.034375 0.028125
0 0.61171875 0.54453125 0.0640625 0.14375
0 0.44921875 0.309375 0.09375 0.25