0 0.46796875 0.121875 0.034375 0.18125
0 0.89296875 0.78359375 0.1046875 0.11875
0 0.5609375 0.55703125 0.03125 0.0984375
0 0.33125 0.83046875 0.0296875 0.0296875
0 0.865625 0.93125 0.0453125 0.10625
0 0.8640625 0.84921875 0.034375 0.08125
0 0.73203125 0.5203125 0.0359375 0.0625
0 0.88828125 0.34921875 0.0375 0.0515625
0 0.8546875 0.39453125 0.028125 0.028125
0 0.88046875 0.13828125 0.0390625 0.071875
0 0.82578125 0.059375 0.015625 0.04375
0 0.70234375 0.04921875 0.0203125 0.0296875
0 0.43125 0.14296875 0.0046875 0.053125
0 0.80078125 0.35859375 0.0296875 0.021875
0 0.402640625 0.570328125 0.030281249999999992 0.14031249999999992
0 0.50325 0.303109375 0.03464062499999994 0.24962499999999999