0 0.47265625 0.121875 0.0625 0.184375
0 0.15625 0.84140625 0.121875 0.134375
0 0.4484375 0.565625 0.046875 0.1015625
0 0.71875 0.8 0.034375 0.034375
0 0.20546875 0.96328125 0.0609375 0.0734375
0 0.1953125 0.9015625 0.046875 0.0859375
0 0.27421875 0.55625 0.0453125 0.0671875
0 0.09296875 0.41171875 0.0453125 0.05625
0 0.1328125 0.4515625 0.0328125 0.0328125
0 0.06796875 0.20234375 0.05 0.0765625
0 0.109375 0.115625 0.021875 0.0453125
0 0.2296875 0.08671875 0.025 0.0328125
0 0.51171875 0.13671875 0.0125 0.053125
0 0.18046875 0.40703125 0.0328125 0.0265625
0 0.60703125 0.55390625 0.0515625 0.14375
0 0.465625 0.30625 0.0734375 0.2515625