0 0.3465400843881856 0.12016901408450703 0.3329324894514768 0.23166197183098594
0 0.6054430379746836 0.2617183098591549 0.384746835443038 0.19419718309859155
0 0.6333755274261604 0.46011267605633804 0.45341772151898724 0.23245070422535205
0 0.420337552742616 0.4882535211267606 0.3715400843881857 0.23808450704225348
0 0.1509282700421941 0.30278873239436616 0.1028270042194093 0.10129577464788735
0 0.1297257383966245 0.5545915492957746 0.1030801687763713 0.14512676056338022
0 0.1720464135021097 0.675661971830986 0.3440928270042194 0.18053521126760572
0 0.6231645569620253 0.7651830985915492 0.4012447257383967 0.16766197183098586
0 0.8921308016877637 0.7855211267605634 0.21573839662447256 0.14943661971830982
0 0.7468143459915612 0.9139154929577464 0.4400421940928271 0.17208450704225361
0 0.38396624472573837 0.8859154929577465 0.48945147679324896 0.22816901408450704
0 0.0789873417721519 0.7565633802816901 0.1579535864978903 0.13377464788732396
0 0.020042194092827006 0.09154929577464789 0.04008438818565401 0.11549295774647887
0 0.18474683544303797 0.05278873239436619 0.09780590717299581 0.10557746478873238
0 0.7780801687763713 0.04704225352112675 0.36934599156118153 0.09405633802816901