0 0.6635021097046413 0.12816901408450704 0.339662447257384 0.24788732394366197
0 0.4008438818565401 0.2563380281690141 0.39029535864978904 0.2112676056338028
0 0.3681434599156118 0.4535211267605634 0.459915611814346 0.2535211267605634
0 0.580168776371308 0.4915492957746479 0.37763713080168776 0.2563380281690141
0 0.8544303797468354 0.31971830985915495 0.10548523206751055 0.10704225352112676
0 0.8681434599156118 0.571830985915493 0.10759493670886076 0.14929577464788732
0 0.8227848101265823 0.6901408450704225 0.34810126582278483 0.19718309859154928
0 0.370253164556962 0.7591549295774648 0.4050632911392405 0.18591549295774648
0 0.10443037974683544 0.7676056338028169 0.2088607594936709 0.16056338028169015
0 0.24261603375527427 0.9028169014084507 0.4451476793248945 0.19154929577464788
0 0.6044303797468354 0.8830985915492958 0.4957805907172996 0.23380281690140844
0 0.9145569620253164 0.776056338028169 0.16033755274261605 0.14084507042253522
0 0.9841772151898734 0.11267605633802817 0.03164556962025317 0.11830985915492957
0 0.8270042194092827 0.0676056338028169 0.10126582278481013 0.10985915492957747
0 0.23417721518987342 0.04366197183098591 0.37130801687763715 0.08732394366197183