0 0.31751054852320676 0.14366197183098592 0.350210970464135 0.27605633802816903
0 0.5864978902953587 0.24788732394366197 0.3987341772151899 0.24788732394366197
0 0.629746835443038 0.4422535211267606 0.46835443037974683 0.29577464788732394
0 0.41983122362869196 0.5 0.3881856540084388 0.28732394366197184
0 0.1371308016877637 0.352112676056338 0.10970464135021098 0.11549295774647887
0 0.1360759493670886 0.6056338028169014 0.11392405063291139 0.15774647887323945
0 0.1877637130801688 0.7211267605633803 0.35654008438818563 0.22816901408450704
0 0.6434599156118144 0.7464788732394366 0.41139240506329117 0.22253521126760564
0 0.8997890295358649 0.7281690140845071 0.20042194092827004 0.17746478873239438
0 0.7753164556962026 0.8774647887323944 0.44936708860759494 0.23380281690140844
0 0.41455696202531644 0.8760563380281691 0.5042194092827004 0.24788732394366197
0 0.10126582278481013 0.8140845070422535 0.16666666666666666 0.15492957746478872
0 0.007383966244725738 0.1591549295774648 0.014767932489451477 0.12112676056338029
0 0.1518987341772152 0.09859154929577464 0.10548523206751055 0.11830985915492957
0 0.740506329113924 0.04225352112676056 0.3755274261603376 0.08450704225352113