0 0.64375 0.740625 0.0546875 0.0453125
0 0.69296875 0.8640625 0.059375 0.046875
0 0.78125 0.7640625 0.025 0.028125
0 0.78125 0.37109375 0.1671875 0.14375
0 0.753125 0.28359375 0.0734375 0.0125
0 0.81171875 0.0734375 0.0515625 0.059375
0 0.98203125 0.16796875 0.021875 0.125
0 0.74921875 0.93203125 0.0375 0.0875
0 0.89453125 0.7 0.028125 0.034375
0 0.86015625 0.85390625 0.0171875 0.05
0 0.43828125 0.63828125 0.021875 0.0453125
0 0.45703125 0.76171875 0.015625 0.015625
0 0.4828125 0.7453125 0.0125 0.0234375