0 0.36875 0.74765625 0.05625 0.0484375
0 0.3265625 0.8734375 0.0625 0.05
0 0.2328125 0.778125 0.0265625 0.0296875
0 0.2125 0.3859375 0.175 0.1515625
0 0.2359375 0.296875 0.0734375 0.015625
0 0.16640625 0.090625 0.0546875 0.0625
0 0.0078125 0.19296875 0.015625 0.1265625
0 0.2734375 0.94453125 0.0421875 0.0890625
0 0.11640625 0.7203125 0.0296875 0.0359375
0 0.15859375 0.87265625 0.0203125 0.0515625
0 0.56875 0.63515625 0.0234375 0.046875
0 0.55625 0.759375 0.0171875 0.0171875
0 0.5296875 0.74375 0.0140625 0.0234375