0 0.4078125 0.396875 0.1296875 0.1140625
0 0.44375 0.30078125 0.090625 0.1109375
0 0.228125 0.38359375 0.18125 0.190625
0 0.20234375 0.4875 0.109375 0.14375
0 0.20546875 0.62109375 0.034375 0.103125
0 0.14921875 0.796875 0.11875 0.14375
0 0.39921875 0.65 0.1265625 0.1109375
0 0.340625 0.81015625 0.115625 0.1140625
0 0.3828125 0.83203125 0.0765625 0.134375
0 0.5859375 0.78046875 0.040625 0.040625
0 0.59921875 0.73828125 0.05 0.05625
0 0.6171875 0.74765625 0.0390625 0.0421875
0 0.5625 0.8078125 0.0359375 0.0484375
0 0.54296875 0.85234375 0.059375 0.0609375
0 0.50078125 0.84140625 0.025 0.0359375
0 0.77265625 0.8578125 0.0734375 0.0484375
0 0.6875 0.79765625 0.04375 0.065625
0 0.7359375 0.809375 0.040625 0.0296875
0 0.67890625 0.70234375 0.0359375 0.0234375
0 0.69921875 0.64765625 0.134375 0.1
0 0.7234375 0.68828125 0.0328125 0.0390625
0 0.7703125 0.746875 0.046875 0.05625
0 0.70625 0.7609375 0.0375 0.028125
0 0.67734375 0.7453125 0.0296875 0.025
0 0.81953125 0.7484375 0.0421875 0.046875
0 0.7453125 0.521875 0.09375 0.0609375
0 0.6984375 0.578125 0.05 0.0703125
0 0.66796875 0.25 0.228125 0.2375
0 0.7578125 0.234375 0.0515625 0.11875
0 0.59765625 0.21875 0.0625 0.0890625
0 0.8515625 0.159375 0.08125 0.103125