0 0.4359375 0.37734375 0.1109375 0.090625
0 0.49375 0.29296875 0.06875 0.096875
0 0.2640625 0.32109375 0.146875 0.159375
0 0.2140625 0.415625 0.08125 0.128125
0 0.18515625 0.54609375 0.009375 0.1046875
0 0.0875 0.703125 0.090625 0.125
0 0.365625 0.62109375 0.109375 0.0875
0 0.2703125 0.7625 0.0953125 0.09375
0 0.30625 0.79375 0.046875 0.1265625
0 0.515625 0.79296875 0.034375 0.0328125
0 0.53828125 0.75546875 0.0390625 0.0484375
0 0.55390625 0.76875 0.03125 0.0359375
0 0.4859375 0.8140625 0.0265625 0.04375
0 0.45625 0.85234375 0.0484375 0.05
0 0.41796875 0.83125 0.0171875 0.0328125
0 0.678125 0.91328125 0.0671875 0.0328125
0 0.61015625 0.834375 0.0296875 0.0609375
0 0.65390625 0.85703125 0.0359375 0.021875
0 0.62421875 0.73984375 0.0328125 0.015625
0 0.6578125 0.69140625 0.1203125 0.0734375
0 0.67109375 0.73671875 0.025 0.034375
0 0.70234375 0.8046875 0.0359375 0.0484375
0 0.63671875 0.803125 0.0328125 0.0203125
0 0.6125 0.78125 0.0265625 0.01875
0 0.75 0.81875 0.0328125 0.040625
0 0.7328125 0.58046875 0.0859375 0.040625
0 0.6734375 0.6234375 0.0359375 0.0640625
0 0.7234375 0.2984375 0.1859375 0.1984375
0 0.8140625 0.3046875 0.0234375 0.1171875
0 0.6625 0.25078125 0.04375 0.08125
0 0.9234375 0.2546875 0.0609375 0.090625