0 0.5578125 0.37421875 0.115625 0.096875
0 0.4953125 0.29296875 0.0734375 0.1
0 0.7265625 0.309375 0.1546875 0.1671875
0 0.78125 0.40078125 0.0875 0.1328125
0 0.8171875 0.5296875 0.0140625 0.1046875
0 0.92265625 0.68125 0.096875 0.1296875
0 0.640625 0.6140625 0.1140625 0.09375
0 0.74296875 0.75 0.1 0.0984375
0 0.70859375 0.78359375 0.053125 0.128125
0 0.5 0.79375 0.0359375 0.034375
0 0.475 0.75703125 0.0421875 0.05
0 0.46015625 0.77109375 0.0328125 0.0375
0 0.53046875 0.81328125 0.028125 0.0453125
0 0.5625 0.84921875 0.0515625 0.053125
0 0.59921875 0.8265625 0.01875 0.034375
0 0.34375 0.921875 0.06875 0.0359375
0 0.4078125 0.83984375 0.0328125 0.0625
0 0.36484375 0.86484375 0.0375 0.0234375
0 0.38828125 0.74609375 0.0328125 0.0171875
0 0.35234375 0.69921875 0.1234375 0.0796875
0 0.34140625 0.7453125 0.0265625 0.0359375
0 0.3140625 0.81484375 0.0390625 0.05
0 0.3796875 0.81015625 0.034375 0.021875
0 0.40234375 0.78671875 0.028125 0.0203125
0 0.2671875 0.83125 0.034375 0.0421875
0 0.271875 0.5921875 0.0875 0.0453125
0 0.33359375 0.63203125 0.0390625 0.065625
0 0.26640625 0.31015625 0.1953125 0.2078125
0 0.17578125 0.32109375 0.0296875 0.11875
0 0.325 0.259375 0.0484375 0.0828125
0 0.0640625 0.27734375 0.065625 0.09375