0 0.34140625 0.48828125 0.0953125 0.1140625
0 0.42578125 0.55625 0.1078125 0.0671875
0 0.40625 0.65078125 0.071875 0.046875
0 0.34375 0.7109375 0.059375 0.090625
0 0.35390625 0.640625 0.046875 0.04375
0 0.2109375 0.5296875 0.0890625 0.1515625
0 0.24296875 0.6421875 0.046875 0.05
0 0.26015625 0.72109375 0.0484375 0.04375
0 0.31875 0.72421875 0.065625 0.065625
0 0.38359375 0.77578125 0.0484375 0.0359375
0 0.6515625 0.66640625 0.03125 0.0921875
0 0.65546875 0.83671875 0.1 0.13125
0 0.61015625 0.8046875 0.0546875 0.1234375
0 0.796875 0.85 0.0265625 0.034375
0 0.86875 0.43828125 0.1421875 0.053125
0 0.37890625 0.1421875 0.1921875 0.2765625
0 0.2203125 0.86015625 0.0265625 0.0859375