0 0.65859375 0.5078125 0.0828125 0.1046875
0 0.5671875 0.56484375 0.1015625 0.0546875
0 0.575 0.6609375 0.0671875 0.0390625
0 0.6296875 0.728125 0.05 0.0859375
0 0.628125 0.65703125 0.0421875 0.0390625
0 0.78359375 0.56484375 0.071875 0.14375
0 0.7375 0.67265625 0.0421875 0.0453125
0 0.7109375 0.7484375 0.04375 0.0390625
0 0.65234375 0.74453125 0.059375 0.059375
0 0.58203125 0.78828125 0.0453125 0.03125
0 0.32890625 0.646875 0.0203125 0.090625
0 0.3046875 0.815625 0.0859375 0.121875
0 0.35390625 0.7890625 0.040625 0.11875
0 0.1625 0.8109375 0.0234375 0.03125
0 0.14140625 0.39375 0.1390625 0.0359375
0 0.6640625 0.159375 0.1625 0.259375
0 0.73359375 0.89140625 0.015625 0.084375