0 0.34140625 0.49921875 0.0875 0.109375
0 0.4296875 0.5609375 0.1046875 0.059375
0 0.41640625 0.65703125 0.06875 0.0421875
0 0.35859375 0.72109375 0.0546875 0.0890625
0 0.3640625 0.65 0.04375 0.040625
0 0.21328125 0.55 0.0796875 0.146875
0 0.25390625 0.66015625 0.04375 0.046875
0 0.2765625 0.73671875 0.0453125 0.040625
0 0.33515625 0.7359375 0.0625 0.0625
0 0.403125 0.78359375 0.046875 0.0328125
0 0.66328125 0.65546875 0.025 0.0921875
0 0.67890625 0.82578125 0.0921875 0.1265625
0 0.63046875 0.79609375 0.046875 0.1203125
0 0.82109375 0.828125 0.025 0.0328125
0 0.86328125 0.4125 0.140625 0.04375
0 0.35390625 0.1515625 0.1765625 0.2671875
0 0.24609375 0.87890625 0.0203125 0.084375