0 0.36015625 0.5421875 0.0921875 0.1375
0 0.21328125 0.2046875 0.1125 0.215625
0 0.09921875 0.221875 0.1484375 0.1875
0 0.2921875 0.8515625 0.078125 0.0484375
0 0.58515625 0.61796875 0.14375 0.14375
0 0.42578125 0.70703125 0.14375 0.1625
0 0.584375 0.5109375 0.034375 0.0625
0 0.68671875 0.4875 0.13125 0.13125
0 0.74921875 0.271875 0.16875 0.2203125
0 0.725 0.61796875 0.1328125 0.0765625
0 0.81484375 0.56171875 0.090625 0.1078125
0 0.828125 0.703125 0.1 0.1203125
0 0.68515625 0.71796875 0.0421875 0.04375