0 0.35390625 0.5046875 0.0625 0.125
0 0.29921875 0.140625 0.0609375 0.20625
0 0.18515625 0.12734375 0.109375 0.1640625
0 0.20859375 0.7859375 0.071875 0.03125
0 0.5515625 0.6359375 0.1171875 0.1171875
0 0.375 0.68046875 0.1125 0.1375
0 0.57890625 0.5328125 0.0203125 0.059375
0 0.68359375 0.5359375 0.1078125 0.10625
0 0.8 0.34453125 0.121875 0.1953125
0 0.68671875 0.671875 0.125 0.0453125
0 0.78828125 0.64140625 0.06875 0.09375
0 0.7640625 0.78125 0.075 0.1046875
0 0.62265625 0.75859375 0.034375 0.0359375