0 0.35390625 0.4890625 0.075 0.13125
0 0.3375 0.121875 0.0828125 0.2109375
0 0.22578125 0.09609375 0.1265625 0.175
0 0.18046875 0.75390625 0.075 0.0390625
0 0.53671875 0.640625 0.128125 0.128125
0 0.35703125 0.66640625 0.1265625 0.1484375
0 0.575 0.540625 0.0265625 0.0609375
0 0.67890625 0.5546875 0.11875 0.1171875
0 0.81484375 0.3765625 0.1421875 0.20625
0 0.66796875 0.690625 0.1296875 0.0578125
0 0.771875 0.67109375 0.078125 0.1
0 0.73359375 0.80703125 0.0859375 0.1125
0 0.5953125 0.7703125 0.0375 0.0390625