0 0.546875 0.49140625 0.203125 0.3046875
0 0.62890625 0.23359375 0.175 0.3109375
0 0.67265625 0.846875 0.071875 0.059375
0 0.6 0.82734375 0.115625 0.0921875
0 0.3953125 0.7765625 0.05 0.053125
0 0.3296875 0.50234375 0.2375 0.2484375
0 0.43984375 0.46640625 0.0296875 0.0703125
0 0.340625 0.6046875 0.0359375 0.0484375
0 0.28828125 0.64296875 0.046875 0.046875
0 0.25078125 0.5296875 0.065625 0.0671875
0 0.215625 0.33046875 0.103125 0.090625
0 0.1765625 0.56875 0.1375 0.078125
0 0.08515625 0.59296875 0.1703125 0.1203125
0 0.290625 0.703125 0.046875 0.0375
0 0.16640625 0.6578125 0.04375 0.034375