0 0.45546875 0.48359375 0.1578125 0.284375
0 0.41953125 0.21484375 0.128125 0.2984375
0 0.2703125 0.81171875 0.065625 0.0484375
0 0.34453125 0.8046875 0.10625 0.075
0 0.5546875 0.790625 0.04375 0.046875
0 0.66796875 0.53203125 0.2046875 0.21875
0 0.56484375 0.47734375 0.01875 0.06875
0 0.6390625 0.63125 0.0296875 0.0453125
0 0.68359375 0.67734375 0.040625 0.040625
0 0.73984375 0.571875 0.05625 0.059375
0 0.809375 0.38203125 0.0921875 0.0765625
0 0.80703125 0.6234375 0.13125 0.05625
0 0.89609375 0.6640625 0.1671875 0.09375
0 0.67109375 0.73671875 0.04375 0.03125
0 0.8015625 0.71328125 0.040625 0.028125