0 0.50625 0.3359375 0.05625 0.2390625
0 0.2609375 0.70546875 0.0515625 0.1453125
0 0.309375 0.8375 0.0515625 0.05625
0 0.484375 0.803125 0.0421875 0.1359375
0 0.62890625 0.58359375 0.0296875 0.08125
0 0.5578125 0.40390625 0.028125 0.109375
0 0.63125 0.18359375 0.16875 0.309375
0 0.8234375 0.515625 0.06875 0.0609375
0 0.64921875 0.87109375 0.0859375 0.1171875
0 0.59296875 0.76171875 0.0390625 0.04375
0 0.703125 0.73828125 0.0328125 0.021875
0 0.65 0.66328125 0.015625 0.021875
0 0.8484375 0.7546875 0.009375 0.0359375
0 0.9171875 0.5765625 0.1015625 0.084375