0 0.465625 0.33984375 0.096875 0.2453125
0 0.77109375 0.6609375 0.0765625 0.1515625
0 0.74609375 0.79921875 0.0609375 0.0640625
0 0.56796875 0.79609375 0.065625 0.140625
0 0.3875 0.6046875 0.04375 0.0859375
0 0.4265625 0.415625 0.046875 0.1125
0 0.315625 0.2109375 0.2203125 0.334375
0 0.184375 0.571875 0.078125 0.071875
0 0.4171875 0.89140625 0.1046875 0.1296875
0 0.45390625 0.77421875 0.0453125 0.05
0 0.34140625 0.7703125 0.0359375 0.0265625
0 0.38046875 0.68671875 0.01875 0.025
0 0.20078125 0.8109375 0.015625 0.0375
0 0.10234375 0.64765625 0.1140625 0.1