0 0.02421875 0.434375 0.0484375 0.0453125
0 0.03203125 0.5375 0.04375 0.04375
0 0.178125 0.4859375 0.04375 0.04375
0 0.28515625 0.56171875 0.0375 0.0234375
0 0.68515625 0.63984375 0.059375 0.0515625
0 0.76484375 0.5578125 0.1046875 0.0609375
0 0.7890625 0.51328125 0.021875 0.05
0 0.80859375 0.46875 0.0234375 0.065625
0 0.25078125 0.69375 0.040625 0.021875
0 0.4234375 0.565625 0.034375 0.021875
0 0.46640625 0.62109375 0.0296875 0.0234375
0 0.3671875 0.615625 0.0359375 0.0234375
0 0.31796875 0.69140625 0.04375 0.01875
0 0.33203125 0.74921875 0.0390625 0.034375
0 0.20390625 0.73515625 0.034375 0.0296875
0 0.53125 0.31328125 0.0578125 0.0578125
0 0.32890625 0.37109375 0.0703125 0.0640625
0 0.396875 0.46171875 0.040625 0.075
0 0.484375 0.565625 0.0265625 0.0203125
0 0.1625 0.61640625 0.034375 0.025