0 0.96796875 0.39296875 0.0453125 0.0421875
0 0.96953125 0.496875 0.040625 0.040625
0 0.81953125 0.4578125 0.040625 0.040625
0 0.71953125 0.54296875 0.0359375 0.0203125
0 0.328125 0.65546875 0.05625 0.046875
0 0.24140625 0.58046875 0.1 0.053125
0 0.21328125 0.53828125 0.0171875 0.0484375
0 0.18984375 0.49609375 0.0171875 0.0640625
0 0.76484375 0.67109375 0.0390625 0.01875
0 0.58203125 0.55859375 0.0328125 0.01875
0 0.54375 0.61796875 0.028125 0.0203125
0 0.6421875 0.60390625 0.034375 0.0203125
0 0.69765625 0.675 0.0421875 0.015625
0 0.6890625 0.73359375 0.0359375 0.03125
0 0.815625 0.70859375 0.0328125 0.0265625
0 0.45290625 0.31690625 0.053749999999999964 0.053671875000000036
0 0.659109375 0.35653125 0.06496875000000006 0.057859374999999956
0 0.5992031250000001 0.45325 0.034812499999999955 0.07300000000000004
0 0.52103125 0.564015625 0.024718750000000077 0.01778124999999999
0 0.84653125 0.586375 0.032187499999999855 0.02254687499999992