0 0.0359375 0.3765625 0.046875 0.04375
0 0.03125 0.48046875 0.0421875 0.0421875
0 0.18203125 0.446875 0.0421875 0.0421875
0 0.27890625 0.53515625 0.0359375 0.021875
0 0.66640625 0.66171875 0.0578125 0.0484375
0 0.75546875 0.5890625 0.1015625 0.05625
0 0.78515625 0.5484375 0.01875 0.0484375
0 0.81015625 0.50703125 0.01875 0.0640625
0 0.2296875 0.66171875 0.0390625 0.0203125
0 0.415625 0.55546875 0.0328125 0.0203125
0 0.45234375 0.61640625 0.028125 0.021875
0 0.35390625 0.59921875 0.034375 0.021875
0 0.29609375 0.66796875 0.0421875 0.0171875
0 0.303125 0.7265625 0.0375 0.0328125
0 0.17734375 0.69765625 0.034375 0.028125
0 0.553125 0.31875 0.05625 0.05625
0 0.34609375 0.35078125 0.0671875 0.059375
0 0.40234375 0.45 0.0375 0.0734375
0 0.4765625 0.56328125 0.025 0.01875
0 0.15078125 0.57421875 0.0328125 0.0234375