0 0.61484375 0.52578125 0.075 0.059375
0 0.56875 0.103125 0.034375 0.075
0 0.69921875 0.3046875 0.025 0.0625
0 0.0640625 0.14296875 0.0875 0.1109375
0 0.50546875 0.53828125 0.0421875 0.0265625
0 0.5765625 0.54921875 0.0328125 0.03125
0 0.375 0.50859375 0.040625 0.0484375
0 0.19375 0.59375 0.053125 0.0375
0 0.1125 0.60390625 0.046875 0.034375
0 0.165625 0.734375 0.0453125 0.034375
0 0.08984375 0.68828125 0.0546875 0.0484375
0 0.0109375 0.4234375 0.021875 0.0375
0 0.46015625 0.69375 0.08125 0.0546875
0 0.3578125 0.565625 0.04375 0.034375
0 0.34375 0.5828125 0.0375 0.021875
0 0.2875 0.63828125 0.034375 0.025
0 0.24140625 0.83515625 0.0421875 0.0296875
0 0.1984375 0.57578125 0.040625 0.0328125
0 0.690625 0.38125 0.0609375 0.0890625
0 0.60234375 0.459375 0.0890625 0.09375
0 0.40390625 0.49609375 0.059375 0.0421875