0 0.40234375 0.565625 0.078125 0.0625
0 0.29375 0.15390625 0.0375 0.075
0 0.24375 0.3890625 0.028125 0.0625
0 0.77890625 0.0328125 0.0921875 0.065625
0 0.50859375 0.5375 0.0421875 0.028125
0 0.44609375 0.5734375 0.034375 0.0328125
0 0.6203125 0.46328125 0.0421875 0.05
0 0.81953125 0.47734375 0.053125 0.0390625
0 0.89921875 0.45859375 0.0484375 0.0359375
0 0.89609375 0.5984375 0.046875 0.0359375
0 0.95 0.52890625 0.05625 0.05
0 0.93828125 0.24921875 0.0421875 0.0390625
0 0.60625 0.66640625 0.0828125 0.0578125
0 0.65625 0.51015625 0.0453125 0.0359375
0 0.67578125 0.52109375 0.0390625 0.025
0 0.74765625 0.553125 0.034375 0.0265625
0 0.86171875 0.7203125 0.04375 0.03125
0 0.80859375 0.4625 0.0421875 0.034375
0 0.2796875 0.45703125 0.065625 0.090625
0 0.38984375 0.4984375 0.0921875 0.096875
0 0.58828125 0.4625 0.0609375 0.04375