0 0.390625 0.54375 0.06875 0.05
0 0.3703125 0.11875 0.0234375 0.071875
0 0.27265625 0.33828125 0.015625 0.0609375
0 0.875 0.07890625 0.0734375 0.1
0 0.50078125 0.53828125 0.0390625 0.0203125
0 0.43203125 0.5609375 0.0296875 0.0265625
0 0.625 0.4890625 0.034375 0.04375
0 0.8171875 0.54453125 0.0484375 0.0296875
0 0.89921875 0.5421875 0.04375 0.028125
0 0.8671875 0.67890625 0.0421875 0.028125
0 0.934375 0.621875 0.0484375 0.040625
0 0.98046875 0.34609375 0.0359375 0.0328125
0 0.56953125 0.68515625 0.075 0.04375
0 0.65078125 0.5421875 0.040625 0.028125
0 0.6671875 0.55703125 0.0359375 0.0171875
0 0.73125 0.603125 0.03125 0.0203125
0 0.8078125 0.790625 0.0390625 0.0234375
0 0.809375 0.52734375 0.0375 0.0265625
0 0.29314062500000004 0.412484375 0.049406250000000006 0.08231249999999997
0 0.392296875 0.475703125 0.07717187499999997 0.08196875000000006
0 0.5940624999999999 0.481453125 0.05489062499999999 0.03339062500000001