0 0.36875 0.51953125 0.21875 0.1703125
0 0.05234375 0.365625 0.096875 0.0609375
0 0.090625 0.32890625 0.059375 0.103125
0 0.015625 0.384375 0.0296875 0.0640625
0 0.06484375 0.44140625 0.071875 0.053125
0 0.1984375 0.40390625 0.034375 0.0546875
0 0.2453125 0.5734375 0.0734375 0.065625
0 0.32421875 0.62890625 0.046875 0.0453125
0 0.29296875 0.5375 0.0234375 0.0671875
0 0.26796875 0.54453125 0.0234375 0.0390625
0 0.45078125 0.69609375 0.0453125 0.0390625
0 0.7011093749999999 0.54246875 0.10848437499999992 0.11270312499999999
0 0.8122343750000001 0.496625 0.130734375 0.09601562500000008