0 0.37265625 0.5375 0.240625 0.1984375
0 0.0453125 0.42890625 0.090625 0.0734375
0 0.07109375 0.3875 0.0734375 0.1109375
0 0.01171875 0.45234375 0.0234375 0.0671875
0 0.0609375 0.50234375 0.078125 0.0625
0 0.18828125 0.446875 0.0421875 0.059375
0 0.2578125 0.6078125 0.08125 0.075
0 0.34375 0.65234375 0.053125 0.0515625
0 0.3 0.565625 0.0328125 0.0703125
0 0.2765625 0.5765625 0.028125 0.0421875
0 0.47890625 0.70078125 0.05 0.0453125
0 0.7046875 0.5140625 0.1234375 0.1265625
0 0.80859375 0.453125 0.1421875 0.1125