0 0.37421875 0.5421875 0.2453125 0.20625
0 0.04453125 0.44453125 0.0890625 0.0765625
0 0.0671875 0.40234375 0.0765625 0.1125
0 0.01171875 0.4703125 0.0234375 0.06875
0 0.0609375 0.51796875 0.0796875 0.0640625
0 0.18671875 0.4578125 0.04375 0.059375
0 0.26171875 0.61640625 0.084375 0.078125
0 0.34921875 0.6578125 0.0546875 0.053125
0 0.30234375 0.57265625 0.034375 0.0703125
0 0.27890625 0.584375 0.0296875 0.0421875
0 0.4859375 0.7015625 0.0515625 0.046875
0 0.70546875 0.50703125 0.1265625 0.1296875
0 0.80703125 0.4421875 0.1453125 0.1171875