0 0.4765625 0.4390625 0.3234375 0.175
0 0.05703125 0.434375 0.065625 0.0421875
0 0.1484375 0.4203125 0.053125 0.0859375
0 0.1859375 0.43828125 0.0296875 0.078125
0 0.28828125 0.42890625 0.03125 0.090625
0 0.28125 0.4734375 0.0515625 0.0421875
0 0.32890625 0.59296875 0.0625 0.0484375
0 0.265625 0.6015625 0.078125 0.0578125
0 0.27578125 0.63828125 0.08125 0.059375
0 0.6265625 0.5421875 0.0640625 0.0671875
0 0.492671875 0.34321875 0.244734375 0.08607812499999996
0 0.313140625 0.51459375 0.123140625 0.06007812500000007