0 0.96015625 0.39765625 0.0796875 0.1109375
0 0.8609375 0.5234375 0.06875 0.04375
0 0.1515625 0.44140625 0.0625 0.0390625
0 0.203125 0.44609375 0.05625 0.0671875
0 0.246875 0.51171875 0.059375 0.053125
0 0.33203125 0.5953125 0.0359375 0.025
0 0.4109375 0.56328125 0.0203125 0.0265625
0 0.4921875 0.68125 0.0765625 0.0359375
0 0.7375 0.81015625 0.053125 0.05
0 0.3078125 0.25703125 0.1125 0.115625
0 0.5 0.32265625 0.0296875 0.10625
0 0.596875 0.49453125 0.0609375 0.071875
0 0.58125 0.5734375 0.14375 0.1