0 0.9609375 0.478125 0.078125 0.121875
0 0.8515625 0.5859375 0.075 0.0546875
0 0.1671875 0.38203125 0.0671875 0.05
0 0.2171875 0.3953125 0.0671875 0.075
0 0.24921875 0.4671875 0.0671875 0.0625
0 0.31796875 0.5640625 0.0390625 0.0296875
0 0.4015625 0.546875 0.0234375 0.0296875
0 0.4609375 0.67734375 0.0796875 0.0484375
0 0.68046875 0.846875 0.0609375 0.0578125
0 0.353125 0.22734375 0.1296875 0.13125
0 0.53125 0.32578125 0.046875 0.1078125
0 0.59609375 0.51171875 0.071875 0.08125
0 0.5671875 0.58671875 0.15625 0.121875