0 0.95859375 0.38125 0.08125 0.1078125
0 0.86171875 0.5109375 0.0671875 0.0421875
0 0.15 0.45390625 0.0609375 0.0375
0 0.2015625 0.45625 0.0546875 0.065625
0 0.24765625 0.5203125 0.0578125 0.0515625
0 0.33515625 0.60078125 0.034375 0.0234375
0 0.41328125 0.56640625 0.01875 0.0265625
0 0.4984375 0.68125 0.075 0.0328125
0 0.7484375 0.8015625 0.0515625 0.0484375
0 0.29959375 0.26378124999999997 0.10856250000000003 0.11157812499999994
0 0.49396874999999996 0.3228125 0.025437499999999957 0.10465625000000003
0 0.596671875 0.4915 0.058968750000000014 0.07014062499999998
0 0.584 0.5709375 0.13987499999999997 0.09465625000000007