0 0.3296875 0.525 0.09375 0.0609375
0 0.2625 0.515625 0.0578125 0.0453125
0 0.584375 0.33203125 0.0796875 0.078125
0 0.58984375 0.35 0.0484375 0.046875
0 0.56328125 0.37109375 0.046875 0.0578125
0 0.04765625 0.33203125 0.084375 0.153125
0 0.47890625 0.62578125 0.05625 0.1171875
0 0.26171875 0.81953125 0.0625 0.0671875
0 0.42421875 0.8703125 0.053125 0.04375
0 0.53984375 0.6953125 0.0578125 0.0421875
0 0.4125 0.5859375 0.05 0.034375
0 0.584375 0.16796875 0.0203125 0.084375
0 0.62890625 0.07578125 0.034375 0.078125
0 0.46171875 0.08125 0.03125 0.0765625
0 0.4578125 0.0453125 0.040625 0.0375
0 0.43828125 0.125 0.015625 0.0453125
0 0.48984375 0.20546875 0.0375 0.0421875
0 0.66015625 0.26328125 0.03125 0.05625
0 0.61171875 0.5953125 0.046875 0.0453125
0 0.69453125 0.4609375 0.040625 0.040625
0 0.728125 0.34296875 0.0515625 0.078125
0 0.80703125 0.48125 0.046875 0.1078125
0 0.84453125 0.5125 0.0375 0.0484375
0 0.30859375 0.359375 0.0375 0.06875
0 0.40078125 0.27578125 0.0203125 0.0375
0 0.12109375 0.61640625 0.0625 0.03125
0 0.07109375 0.56953125 0.0578125 0.075
0 0.11875 0.471875 0.0390625 0.075
0 0.5515625 0.53984375 0.040625 0.046875
0 0.63125 0.86484375 0.0546875 0.0390625
0 0.6640625 0.6765625 0.0265625 0.046875
0 0.8328125 0.096875 0.021875 0.0609375
0 0.8296875 0.18359375 0.034375 0.071875
0 0.6359375 0.2265625 0.015625 0.0328125
0 0.4921875 0.52578125 0.0171875 0.04375
0 0.01796875 0.58515625 0.0359375 0.0359375
0 0.56484375 0.7046875 0.0421875 0.0375
0 0.371875 0.43125 0.040625 0.03125
0 0.7203125 0.428125 0.0296875 0.0375
0 0.40546875 0.6875 0.0359375 0.0328125
0 0.0875 0.83515625 0.0515625 0.0546875
0 0.10546875 0.30234375 0.01875 0.046875
0 0.80390625 0.33515625 0.0203125 0.05625
0 0.703125 0.090625 0.028125 0.0265625
0 0.26015625 0.6859375 0.0234375 0.053125