0 0.66875 0.53359375 0.090625 0.05625
0 0.73671875 0.528125 0.05625 0.0421875
0 0.42421875 0.328125 0.0765625 0.075
0 0.41796875 0.3453125 0.046875 0.04375
0 0.44375 0.36796875 0.04375 0.05625
0 0.96015625 0.35625 0.0765625 0.15
0 0.51484375 0.6265625 0.05 0.1140625
0 0.72109375 0.83125 0.059375 0.0640625
0 0.55625 0.8734375 0.0515625 0.040625
0 0.45 0.69296875 0.05625 0.0390625
0 0.5828125 0.590625 0.0484375 0.03125
0 0.4328125 0.1640625 0.015625 0.084375
0 0.39375 0.06953125 0.0296875 0.0765625
0 0.56015625 0.08359375 0.028125 0.075
0 0.565625 0.0484375 0.0390625 0.0359375
0 0.58125 0.12890625 0.0125 0.0453125
0 0.52578125 0.20625 0.0359375 0.040625
0 0.35234375 0.25546875 0.028125 0.0546875
0 0.38359375 0.5890625 0.0453125 0.04375
0 0.3078125 0.45078125 0.0390625 0.0390625
0 0.28046875 0.33125 0.0484375 0.075
0 0.19453125 0.46484375 0.040625 0.10625
0 0.15546875 0.49453125 0.034375 0.046875
0 0.6984375 0.36953125 0.034375 0.0671875
0 0.6109375 0.28125 0.01875 0.0359375
0 0.87265625 0.6359375 0.0609375 0.028125
0 0.925 0.5921875 0.0546875 0.071875
0 0.88203125 0.4921875 0.0359375 0.0734375
0 0.44609375 0.53671875 0.0390625 0.0453125
0 0.35 0.8578125 0.053125 0.0359375
0 0.3265625 0.66796875 0.025 0.0453125
0 0.1890625 0.0796875 0.01875 0.059375
0 0.1875 0.16640625 0.03125 0.0703125
0 0.37890625 0.21953125 0.0140625 0.0328125
0 0.50625 0.52578125 0.015625 0.04375
0 0.97890625 0.6109375 0.0390625 0.034375
0 0.42421875 0.70078125 0.040625 0.0359375
0 0.63125 0.43828125 0.0390625 0.0296875
0 0.28359375 0.41640625 0.028125 0.0359375
0 0.584375 0.6921875 0.034375 0.03125
0 0.89453125 0.85625 0.0484375 0.0515625
0 0.9046875 0.3234375 0.015625 0.046875
0 0.20546875 0.31953125 0.0171875 0.0546875
0 0.31875 0.08046875 0.0265625 0.025
0 0.7296875 0.6984375 0.0203125 0.0515625