0 0.3328125 0.53984375 0.0921875 0.059375
0 0.2640625 0.53671875 0.0578125 0.04375
0 0.56953125 0.32578125 0.0796875 0.078125
0 0.5765625 0.3421875 0.0484375 0.0453125
0 0.5515625 0.36640625 0.0453125 0.0578125
0 0.0375 0.371875 0.075 0.153125
0 0.48984375 0.62734375 0.0546875 0.115625
0 0.290625 0.8390625 0.0609375 0.065625
0 0.45703125 0.875 0.053125 0.0421875
0 0.55703125 0.69140625 0.0578125 0.040625
0 0.4203125 0.59375 0.05 0.0328125
0 0.55546875 0.16171875 0.01875 0.084375
0 0.59140625 0.06640625 0.0328125 0.078125
0 0.425 0.0859375 0.03125 0.0765625
0 0.41875 0.05078125 0.040625 0.0375
0 0.40546875 0.13203125 0.0140625 0.0453125
0 0.4640625 0.20703125 0.0375 0.0421875
0 0.6390625 0.25078125 0.0296875 0.05625
0 0.61953125 0.58515625 0.046875 0.0453125
0 0.690625 0.44375 0.040625 0.040625
0 0.71328125 0.3234375 0.0515625 0.0765625
0 0.80390625 0.45390625 0.04375 0.1078125
0 0.84375 0.4828125 0.0359375 0.0484375
0 0.296875 0.3765625 0.0359375 0.06875
0 0.38125 0.28515625 0.0203125 0.0359375
0 0.13203125 0.64921875 0.0625 0.0296875
0 0.078125 0.60703125 0.0578125 0.0734375
0 0.11796875 0.50546875 0.0390625 0.075
0 0.55546875 0.53515625 0.040625 0.046875
0 0.6625 0.85234375 0.0546875 0.0375
0 0.67890625 0.66171875 0.0265625 0.046875
0 0.79609375 0.06875 0.0203125 0.059375
0 0.80078125 0.15546875 0.034375 0.071875
0 0.6109375 0.215625 0.015625 0.0328125
0 0.49453125 0.52578125 0.0171875 0.04375
0 0.025 0.62734375 0.040625 0.0359375
0 0.5828125 0.69765625 0.0421875 0.0375
0 0.36640625 0.44296875 0.040625 0.03125
0 0.71328125 0.40859375 0.0296875 0.0375
0 0.42265625 0.6953125 0.0359375 0.0328125
0 0.11796875 0.86953125 0.05 0.053125
0 0.0890625 0.3375 0.0171875 0.046875
0 0.78828125 0.309375 0.01875 0.0546875
0 0.66640625 0.07421875 0.028125 0.0265625
0 0.27734375 0.70625 0.021875 0.0515625