0 0.19375 0.08125 0.140625 0.1625
0 0.72265625 0.3390625 0.071875 0.090625
0 0.759375 0.2265625 0.071875 0.04375
0 0.57109375 0.21953125 0.0609375 0.028125
0 0.55625 0.1234375 0.025 0.0796875
0 0.465625 0.234375 0.034375 0.065625
0 0.2546875 0.38671875 0.0859375 0.13125
0 0.159375 0.3984375 0.0671875 0.0625
0 0.09453125 0.371875 0.078125 0.09375
0 0.39609375 0.4265625 0.0640625 0.096875
0 0.44375 0.6109375 0.05 0.103125
0 0.41328125 0.65859375 0.0375 0.1078125
0 0.5125 0.6546875 0.034375 0.08125
0 0.51953125 0.79921875 0.0453125 0.0640625
0 0.346875 0.7546875 0.0703125 0.053125
0 0.34140625 0.546875 0.05625 0.0453125
0 0.2765625 0.528125 0.040625 0.0765625
0 0.0546875 0.1859375 0.04375 0.11875
0 0.040625 0.265625 0.0265625 0.0359375
0 0.290625 0.24765625 0.0359375 0.046875
0 0.20390625 0.15234375 0.04375 0.071875
0 0.6796875 0.13515625 0.040625 0.0453125
0 0.975 0.24453125 0.05 0.0671875
0 0.94453125 0.33359375 0.0578125 0.0546875
0 0.71875 0.59296875 0.0515625 0.05625
0 0.76171875 0.57734375 0.0390625 0.03125
0 0.79140625 0.47890625 0.0546875 0.0375
0 0.72421875 0.459375 0.0421875 0.025
0 0.6890625 0.4765625 0.0296875 0.05
0 0.603125 0.4203125 0.0453125 0.05625
0 0.58359375 0.3734375 0.0484375 0.0765625
0 0.51875 0.38359375 0.0171875 0.021875
0 0.33984375 0.34765625 0.028125 0.0515625
0 0.29765625 0.34921875 0.0265625 0.046875
0 0.2765625 0.30234375 0.025 0.0375
0 0.103125 0.52265625 0.03125 0.05
0 0.015625 0.68984375 0.03125 0.0421875
0 0.15 0.828125 0.03125 0.065625
0 0.28984375 0.90625 0.04375 0.0453125
0 0.6203125 0.82265625 0.0390625 0.0359375
0 0.73046875 0.89453125 0.0328125 0.0328125
0 0.5234375 0.5859375 0.0484375 0.05625
0 0.49609375 0.5359375 0.021875 0.059375
0 0.484375 0.6984375 0.0390625 0.03125
0 0.29140625 0.678125 0.05 0.0625
0 0.2359375 0.453125 0.0359375 0.0609375
0 0.3796875 0.63984375 0.046875 0.059375
0 0.13125 0.575 0.0375 0.06875