0 0.35078125 0.2078125 0.0578125 0.1921875
0 0.60859375 0.40625 0.0546875 0.159375
0 0.709375 0.30546875 0.1015625 0.175
0 0.83515625 0.2 0.125 0.128125
0 0.94609375 0.62578125 0.1078125 0.1796875
0 0.1328125 0.3390625 0.0390625 0.115625
0 0.12734375 0.3390625 0.0515625 0.171875
0 0.11640625 0.2390625 0.053125 0.0515625
0 0.1109375 0.1328125 0.0421875 0.1515625
0 0.4734375 0.07421875 0.0578125 0.0890625
0 0.30078125 0.36328125 0.053125 0.0515625
0 0.25234375 0.84921875 0.075 0.1984375
0 0.25859375 0.7578125 0.0546875 0.0484375
0 0.11796875 0.4796875 0.0546875 0.0859375
0 0.396875 0.55234375 0.05625 0.034375
0 0.37265625 0.41875 0.04375 0.0515625
0 0.4765625 0.465625 0.0296875 0.0421875
0 0.5375 0.39375 0.0203125 0.0703125
0 0.63984375 0.309375 0.04375 0.0609375
0 0.45625 0.37890625 0.025 0.0328125
0 0.20390625 0.28984375 0.034375 0.0625
0 0.26796875 0.35625 0.0296875 0.0703125
0 0.2578125 0.35546875 0.0421875 0.0578125
0 0.2859375 0.41796875 0.015625 0.0484375
0 0.28984375 0.490625 0.0484375 0.03125
0 0.4046875 0.62578125 0.059375 0.05
0 0.0203125 0.44921875 0.040625 0.0546875
0 0.0640625 0.096875 0.0484375 0.075
0 0.60078125 0.7546875 0.05 0.034375
0 0.77265625 0.61953125 0.0390625 0.0734375
0 0.796875 0.46640625 0.05625 0.0296875
0 0.5890625 0.16328125 0.03125 0.0609375
0 0.51171875 0.6390625 0.03125 0.0921875
0 0.48125 0.68515625 0.025 0.046875
0 0.32578125 0.67578125 0.0359375 0.040625
0 0.53203125 0.54609375 0.0234375 0.0453125
0 0.66328125 0.77578125 0.01875 0.046875
0 0.428125 0.83203125 0.05625 0.0828125
0 0.12109375 0.54296875 0.0359375 0.0734375
0 0.88125 0.35390625 0.053125 0.0390625
0 0.69453125 0.13828125 0.034375 0.053125
0 0.7296875 0.9390625 0.059375 0.078125
0 0.696875 0.8796875 0.034375 0.0359375