0 0.35625 0.20546875 0.0546875 0.190625
0 0.61015625 0.4078125 0.0515625 0.1578125
0 0.71328125 0.30859375 0.1 0.1734375
0 0.840625 0.20625 0.1234375 0.1265625
0 0.9453125 0.6328125 0.109375 0.178125
0 0.13515625 0.3328125 0.0375 0.115625
0 0.13046875 0.33203125 0.0484375 0.171875
0 0.1203125 0.2328125 0.053125 0.0515625
0 0.1171875 0.12578125 0.0390625 0.1515625
0 0.48046875 0.07421875 0.05625 0.0890625
0 0.303125 0.36015625 0.053125 0.0515625
0 0.246875 0.8453125 0.0703125 0.1984375
0 0.2546875 0.75390625 0.053125 0.0484375
0 0.11875 0.4734375 0.053125 0.0859375
0 0.39609375 0.55078125 0.05625 0.034375
0 0.37421875 0.41640625 0.04375 0.05
0 0.47734375 0.46484375 0.028125 0.0421875
0 0.5390625 0.39453125 0.01875 0.06875
0 0.64375 0.31171875 0.0421875 0.059375
0 0.45859375 0.378125 0.025 0.0328125
0 0.2078125 0.284375 0.0328125 0.0625
0 0.27109375 0.35234375 0.028125 0.0703125
0 0.2609375 0.3515625 0.0421875 0.05625
0 0.2875 0.4140625 0.015625 0.0484375
0 0.290625 0.48671875 0.0484375 0.03125
0 0.40234375 0.62421875 0.059375 0.05
0 0.02109375 0.440625 0.0421875 0.053125
0 0.07109375 0.0890625 0.046875 0.0734375
0 0.59609375 0.75625 0.05 0.034375
0 0.7703125 0.62421875 0.0375 0.0734375
0 0.79765625 0.471875 0.05625 0.0296875
0 0.5953125 0.16484375 0.0296875 0.0609375
0 0.509375 0.63984375 0.0296875 0.0921875
0 0.478125 0.68515625 0.0234375 0.046875
0 0.32265625 0.67265625 0.034375 0.040625
0 0.53125 0.546875 0.021875 0.0453125
0 0.65859375 0.77890625 0.01875 0.0453125
0 0.42265625 0.83125 0.05625 0.0828125
0 0.1203125 0.53671875 0.034375 0.0734375
0 0.88359375 0.3609375 0.0515625 0.0390625
0 0.70078125 0.1421875 0.034375 0.053125
0 0.721875 0.94296875 0.0578125 0.078125
0 0.690625 0.8828125 0.034375 0.0359375