0 0.2 0.11953125 0.1953125 0.146875
0 0.12109375 0.46796875 0.125 0.0796875
0 0.41796875 0.0890625 0.078125 0.0859375
0 0.48125 0.078125 0.103125 0.10625
0 0.8375 0.09140625 0.03125 0.10625
0 0.88828125 0.04453125 0.0453125 0.0875
0 0.8 0.16171875 0.0640625 0.06875
0 0.8359375 0.1609375 0.0546875 0.0578125
0 0.5859375 0.91484375 0.1875 0.1328125
0 0.53828125 0.403125 0.103125 0.0515625
0 0.43125 0.36171875 0.0375 0.0671875
0 0.14765625 0.34765625 0.0953125 0.0640625
0 0.06796875 0.38046875 0.0453125 0.0640625
0 0.09921875 0.39765625 0.053125 0.0375
0 0.45078125 0.5421875 0.0828125 0.0765625
0 0.39375 0.48046875 0.0484375 0.0375
0 0.21875 0.77578125 0.0890625 0.071875
0 0.28046875 0.71640625 0.084375 0.1
0 0.32109375 0.734375 0.0625 0.1125
0 0.5 0.7 0.05 0.0421875
0 0.59609375 0.7 0.0625 0.040625
0 0.59765625 0.74453125 0.0625 0.04375
0 0.7484375 0.73671875 0.065625 0.090625
0 0.959375 0.640625 0.08125 0.084375
0 0.92734375 0.3734375 0.025 0.08125
0 0.75390625 0.2953125 0.0359375 0.0703125
0 0.7453125 0.3671875 0.0234375 0.053125
0 0.68046875 0.55234375 0.03125 0.06875
0 0.9484375 0.08671875 0.034375 0.0984375
0 0.76328125 0.63984375 0.0296875 0.05625
0 0.57734375 0.353125 0.028125 0.0765625
0 0.56796875 0.378125 0.0203125 0.0421875
0 0.521875 0.43671875 0.0234375 0.05625
0 0.18203125 0.5109375 0.053125 0.08125
0 0.1171875 0.45234375 0.0515625 0.0328125
0 0.15078125 0.54375 0.0671875 0.040625
0 0.828125 0.79921875 0.03125 0.0453125
0 0.6703125 0.5984375 0.0453125 0.0265625
0 0.38984375 0.1328125 0.0234375 0.078125