0 0.7515625 0.08515625 0.1921875 0.14375
0 0.871875 0.421875 0.1234375 0.078125
0 0.53125 0.08203125 0.0765625 0.084375
0 0.4671875 0.07890625 0.1015625 0.1046875
0 0.115625 0.13515625 0.028125 0.10625
0 0.059375 0.0953125 0.04375 0.0859375
0 0.1609375 0.20078125 0.0625 0.0671875
0 0.12578125 0.2046875 0.0546875 0.0578125
0 0.46484375 0.921875 0.1859375 0.1296875
0 0.45 0.40859375 0.1015625 0.05
0 0.55078125 0.35390625 0.0359375 0.0671875
0 0.83125 0.30546875 0.0953125 0.0625
0 0.9140625 0.32890625 0.04375 0.0625
0 0.8859375 0.35 0.053125 0.0375
0 0.55390625 0.53515625 0.08125 0.0765625
0 0.603125 0.46796875 0.0484375 0.0375
0 0.81328125 0.7390625 0.0875 0.0703125
0 0.74453125 0.68828125 0.0828125 0.1
0 0.70546875 0.7109375 0.0609375 0.1125
0 0.52421875 0.6984375 0.0484375 0.0421875
0 0.42890625 0.71015625 0.0609375 0.0390625
0 0.4328125 0.7546875 0.0609375 0.0421875
0 0.28203125 0.76484375 0.0640625 0.0890625
0 0.05859375 0.696875 0.084375 0.084375
0 0.06015625 0.4265625 0.0234375 0.08125
0 0.22265625 0.32734375 0.034375 0.0703125
0 0.240625 0.39765625 0.0234375 0.053125
0 0.32734375 0.57421875 0.0296875 0.06875
0 0.01015625 0.14453125 0.0203125 0.0984375
0 0.25546875 0.67109375 0.0296875 0.05625
0 0.40546875 0.36328125 0.0265625 0.0765625
0 0.4171875 0.38671875 0.01875 0.0421875
0 0.4703125 0.43984375 0.0234375 0.05625
0 0.8171875 0.47265625 0.053125 0.08125
0 0.87421875 0.40625 0.0515625 0.0328125
0 0.85234375 0.50078125 0.065625 0.0390625
0 0.2109375 0.83671875 0.0296875 0.0453125
0 0.34296875 0.61875 0.0453125 0.025
0 0.56484375 0.121875 0.0234375 0.078125