0 0.29140625 0.2921875 0.1546875 0.2234375
0 0.51015625 0.33046875 0.1328125 0.1015625
0 0.4734375 0.45390625 0.1171875 0.0625
0 0.22734375 0.0859375 0.0578125 0.153125
0 0.1484375 0.14921875 0.040625 0.10625
0 0.15625 0.0359375 0.025 0.0625
0 0.209375 0.26796875 0.0375 0.090625
0 0.03671875 0.4234375 0.0421875 0.1421875
0 0.321875 0.946875 0.1390625 0.0796875
0 0.2625 0.81953125 0.0515625 0.0515625
0 0.30234375 0.7296875 0.0796875 0.040625
0 0.41796875 0.5890625 0.046875 0.0453125
0 0.3859375 0.51875 0.0390625 0.05
0 0.35 0.46328125 0.0375 0.0578125
0 0.66875 0.31484375 0.05 0.1421875
0 0.7234375 0.096875 0.0734375 0.109375
0 0.80859375 0.34921875 0.05625 0.1375
0 0.90625 0.83046875 0.04375 0.1484375
0 0.9109375 0.5828125 0.0546875 0.0515625
0 0.8390625 0.59765625 0.0265625 0.0828125
0 0.96484375 0.4359375 0.0609375 0.0296875
0 0.69453125 0.88203125 0.071875 0.0453125
0 0.55390625 0.95625 0.096875 0.053125
0 0.52890625 0.24765625 0.028125 0.1125
0 0.4296875 0.29453125 0.0515625 0.075
0 0.90546875 0.30703125 0.0375 0.115625
0 0.85 0.10546875 0.0328125 0.071875
0 0.984375 0.3375 0.03125 0.06875
0 0.94765625 0.53046875 0.0453125 0.046875
0 0.67421875 0.4171875 0.0421875 0.0875
0 0.440625 0.6265625 0.0359375 0.034375
0 0.75 0.74140625 0.0484375 0.034375