0 0.74140625 0.33125 0.1625 0.228125
0 0.51953125 0.33125 0.1359375 0.1046875
0 0.534375 0.459375 0.11875 0.065625
0 0.840625 0.13984375 0.0625 0.1546875
0 0.90703125 0.21484375 0.04375 0.1078125
0 0.91875 0.10234375 0.0265625 0.0625
0 0.8265625 0.321875 0.040625 0.0921875
0 0.96953125 0.50546875 0.046875 0.14375
0 0.5984375 0.9640625 0.140625 0.071875
0 0.67890625 0.85546875 0.053125 0.053125
0 0.6546875 0.7609375 0.08125 0.04375
0 0.565625 0.6015625 0.0484375 0.046875
0 0.609375 0.53828125 0.040625 0.05
0 0.65390625 0.490625 0.040625 0.059375
0 0.365625 0.2890625 0.0546875 0.1421875
0 0.35 0.0640625 0.0765625 0.1109375
0 0.221875 0.29765625 0.0609375 0.1390625
0 0.04296875 0.75546875 0.0484375 0.15
0 0.08125 0.51015625 0.05625 0.053125
0 0.14921875 0.53671875 0.028125 0.0828125
0 0.053125 0.35625 0.0609375 0.03125
0 0.2421875 0.8421875 0.071875 0.046875
0 0.3671875 0.93984375 0.0984375 0.05625
0 0.515625 0.24609375 0.03125 0.1125
0 0.6046875 0.31015625 0.0546875 0.0765625
0 0.134375 0.2390625 0.0421875 0.1171875
0 0.2234375 0.05078125 0.0359375 0.0734375
0 0.04296875 0.25546875 0.046875 0.06875
0 0.05390625 0.45234375 0.046875 0.0484375
0 0.34296875 0.38828125 0.0453125 0.0890625
0 0.53671875 0.63515625 0.0375 0.0359375
0 0.21171875 0.69453125 0.05 0.0359375