0 0.7078125 0.34453125 0.084375 0.2734375
0 0.23984375 0.1609375 0.1703125 0.2234375
0 0.4703125 0.06328125 0.0921875 0.1015625
0 0.43984375 0.28515625 0.109375 0.1578125
0 0.57578125 0.46328125 0.0875 0.1984375
0 0.07109375 0.2828125 0.0984375 0.1453125
0 0.07109375 0.21484375 0.0625 0.06875
0 0.41875 0.040625 0.05 0.06875
0 0.72734375 0.10546875 0.0296875 0.0828125
0 0.89296875 0.13125 0.0296875 0.0765625
0 0.89921875 0.28359375 0.0671875 0.1375
0 0.95625 0.39375 0.05625 0.0828125
0 0.95078125 0.48046875 0.0953125 0.1375
0 0.8875 0.578125 0.0734375 0.1171875
0 0.8015625 0.5875 0.0359375 0.1203125
0 0.8046875 0.490625 0.059375 0.1
0 0.80703125 0.35234375 0.059375 0.10625
0 0.84921875 0.22578125 0.0265625 0.0796875
0 0.74609375 0.45 0.0609375 0.0984375
0 0.5984375 0.3609375 0.0421875 0.0671875
0 0.57734375 0.40234375 0.0375 0.065625
0 0.51640625 0.40078125 0.034375 0.0765625
0 0.64765625 0.20625 0.0265625 0.0578125
0 0.3203125 0.43203125 0.0578125 0.078125
0 0.2484375 0.48828125 0.0578125 0.04375
0 0.296875 0.55078125 0.0671875 0.1265625
0 0.04375 0.66640625 0.0875 0.0671875
0 0.071875 0.70078125 0.065625 0.0890625
0 0.22265625 0.82109375 0.1203125 0.10625
0 0.1296875 0.8953125 0.0578125 0.096875
0 0.4265625 0.925 0.078125 0.14375
0 0.821875 0.86953125 0.0625 0.0484375
0 0.3765625 0.696875 0.046875 0.1234375
0 0.453125 0.79609375 0.0828125 0.0609375
0 0.61953125 0.8140625 0.0859375 0.0796875
0 0.5640625 0.79453125 0.0578125 0.0578125
0 0.4984375 0.71796875 0.0890625 0.0671875
0 0.60546875 0.54453125 0.053125 0.0375
0 0.346875 0.7828125 0.0296875 0.0546875
0 0.16484375 0.70625 0.0484375 0.05625
0 0.27265625 0.55859375 0.04375 0.040625
0 0.49609375 0.8390625 0.0890625 0.059375
0 0.16015625 0.76640625 0.0359375 0.05625
0 0.50390625 0.615625 0.06875 0.09375
0 0.61328125 0.6921875 0.2953125 0.2