0 0.32265625 0.3109375 0.0375 0.2703125
0 0.81484375 0.2109375 0.1375 0.203125
0 0.60546875 0.075 0.078125 0.0890625
0 0.596875 0.29921875 0.0859375 0.1453125
0 0.43203125 0.45078125 0.0546875 0.1921875
0 0.96015625 0.3609375 0.0765625 0.134375
0 0.971875 0.29375 0.053125 0.0609375
0 0.66015625 0.06171875 0.0390625 0.0625
0 0.34453125 0.071875 0.015625 0.08125
0 0.17734375 0.06875 0.0171875 0.075
0 0.14453125 0.21796875 0.0453125 0.13125
0 0.06875 0.31640625 0.04375 0.0765625
0 0.059375 0.40234375 0.075 0.1265625
0 0.1046875 0.509375 0.0546875 0.109375
0 0.1875 0.53359375 0.015625 0.11875
0 0.2015625 0.4375 0.04375 0.09375
0 0.2234375 0.3015625 0.0421875 0.1
0 0.20390625 0.16953125 0.0125 0.078125
0 0.26640625 0.4078125 0.0453125 0.0921875
0 0.42734375 0.34609375 0.03125 0.0625
0 0.440625 0.390625 0.028125 0.0609375
0 0.50078125 0.39921875 0.021875 0.0734375
0 0.40546875 0.18515625 0.0171875 0.05625
0 0.6890625 0.4640625 0.046875 0.0703125
0 0.75 0.53203125 0.053125 0.034375
0 0.69140625 0.58515625 0.046875 0.1203125
0 0.921875 0.74375 0.084375 0.053125
0 0.88671875 0.771875 0.0515625 0.08125
0 0.7171875 0.8640625 0.10625 0.0890625
0 0.79609375 0.95390625 0.0421875 0.090625
0 0.4984375 0.93125 0.0546875 0.1359375
0 0.11875 0.8078125 0.05625 0.0390625
0 0.5875 0.715625 0.0265625 0.1203125
0 0.49453125 0.8 0.075 0.0484375
0 0.328125 0.78828125 0.075 0.0671875
0 0.3859375 0.77890625 0.05 0.05
0 0.4640625 0.71484375 0.08125 0.0546875
0 0.38828125 0.52578125 0.0484375 0.0296875
0 0.6015625 0.80546875 0.0203125 0.0515625
0 0.79453125 0.76171875 0.040625 0.05
0 0.7140625 0.596875 0.0390625 0.034375
0 0.4453125 0.834375 0.0828125 0.0453125
0 0.78828125 0.82109375 0.0265625 0.053125
0 0.47578125 0.61328125 0.0546875 0.0859375
0 0.355078125 0.669921875 0.27265625 0.15510937499999997