0 0.6453125 0.28515625 0.0796875 0.2734375
0 0.14375 0.2640625 0.1671875 0.221875
0 0.3296875 0.096875 0.090625 0.1
0 0.37265625 0.3171875 0.1078125 0.15625
0 0.559375 0.440625 0.084375 0.1984375
0 0.0359375 0.43359375 0.071875 0.1453125
0 0.01640625 0.3703125 0.0328125 0.06875
0 0.2734375 0.0921875 0.0484375 0.0671875
0 0.58671875 0.053125 0.028125 0.0828125
0 0.7515625 0.03046875 0.028125 0.0609375
0 0.80703125 0.165625 0.065625 0.1375
0 0.896875 0.2515625 0.0546875 0.0828125
0 0.9203125 0.334375 0.09375 0.1375
0 0.8921875 0.44765625 0.071875 0.1171875
0 0.8140625 0.484375 0.034375 0.1203125
0 0.78515625 0.39140625 0.0578125 0.1
0 0.7421875 0.2609375 0.0578125 0.1046875
0 0.740625 0.12734375 0.025 0.0796875
0 0.71640625 0.37265625 0.059375 0.0984375
0 0.54765625 0.33671875 0.040625 0.0671875
0 0.54140625 0.3828125 0.0375 0.0640625
0 0.48359375 0.40078125 0.0328125 0.0765625
0 0.54375 0.17421875 0.025 0.0578125
0 0.3078125 0.49375 0.0578125 0.0765625
0 0.2578125 0.57109375 0.0578125 0.0421875
0 0.32421875 0.6140625 0.065625 0.1265625
0 0.12109375 0.80703125 0.0921875 0.065625
0 0.1609375 0.82890625 0.0640625 0.0890625
0 0.3421875 0.89375 0.11875 0.1046875
0 0.278125 0.97265625 0.05625 0.0546875
0 0.56875 0.92578125 0.075 0.1421875
0 0.925 0.74453125 0.0609375 0.046875
0 0.44765625 0.7265625 0.0453125 0.1234375
0 0.55234375 0.7953125 0.08125 0.059375
0 0.71484375 0.7578125 0.084375 0.078125
0 0.65625 0.7578125 0.0578125 0.0578125
0 0.56875 0.70625 0.0890625 0.0671875
0 0.6140625 0.5078125 0.053125 0.0375
0 0.44765625 0.81796875 0.028125 0.0546875
0 0.25 0.8046875 0.0484375 0.05625
0 0.30390625 0.62890625 0.04375 0.040625
0 0.60625 0.821875 0.0890625 0.0578125
0 0.265625 0.8625 0.034375 0.05625
0 0.54140625 0.6078125 0.0671875 0.09375
0 0.66953125 0.6453125 0.29375 0.1953125