0 0.88046875 0.18515625 0.065625 0.1828125
0 0.6453125 0.259375 0.1 0.0625
0 0.58515625 0.1078125 0.053125 0.1375
0 0.19140625 0.4953125 0.09375 0.090625
0 0.3171875 0.54765625 0.0953125 0.0890625
0 0.03203125 0.58203125 0.0640625 0.2359375
0 0.05859375 0.26015625 0.0640625 0.1296875
0 0.18125 0.0421875 0.071875 0.084375
0 0.13203125 0.18984375 0.0890625 0.1359375
0 0.43203125 0.33359375 0.0890625 0.115625
0 0.68984375 0.94609375 0.1609375 0.1078125
0 0.6203125 0.62109375 0.0890625 0.1171875
0 0.48828125 0.67734375 0.0828125 0.0578125
0 0.42578125 0.71484375 0.103125 0.078125
0 0.41796875 0.63125 0.08125 0.0546875
0 0.40390625 0.51875 0.0796875 0.053125
0 0.37265625 0.3703125 0.096875 0.1578125
0 0.47890625 0.22734375 0.0578125 0.11875
0 0.46953125 0.209375 0.0375 0.090625
0 0.32265625 0.365625 0.078125 0.1484375
0 0.62265625 0.4078125 0.05625 0.0359375
0 0.77578125 0.8625 0.0828125 0.125
0 0.61484375 0.75078125 0.08125 0.071875
0 0.59921875 0.70625 0.0703125 0.06875
0 0.4609375 0.5625 0.0734375 0.053125
0 0.02109375 0.81171875 0.0421875 0.0671875
0 0.2625 0.7921875 0.0734375 0.0484375
0 0.3609375 0.74921875 0.078125 0.0484375
0 0.76640625 0.784375 0.109375 0.078125
0 0.715625 0.66875 0.05 0.1
0 0.75 0.41640625 0.04375 0.08125
0 0.74375 0.35859375 0.0359375 0.0640625
0 0.6734375 0.221875 0.0328125 0.0515625
0 0.590625 0.15859375 0.034375 0.078125
0 0.509375 0.8203125 0.0625 0.0609375
0 0.65 0.54140625 0.0671875 0.0390625
0 0.64921875 0.55078125 0.040625 0.0734375
0 0.53515625 0.9109375 0.0703125 0.065625
0 0.2546875 0.61640625 0.215625 0.278125
0 0.5390625 0.4703125 0.125 0.1234375