0 0.18671875 0.11875 0.03125 0.1796875
0 0.403125 0.2359375 0.09375 0.0453125
0 0.49140625 0.0984375 0.028125 0.134375
0 0.80390625 0.5546875 0.08125 0.0765625
0 0.6703125 0.58203125 0.0828125 0.075
0 0.96484375 0.67421875 0.0671875 0.2265625
0 0.97890625 0.3484375 0.040625 0.1234375
0 0.903125 0.090625 0.05 0.1203125
0 0.9203125 0.265625 0.0671875 0.125
0 0.5984375 0.34921875 0.0703125 0.1046875
0 0.228125 0.9046875 0.146875 0.0875
0 0.35859375 0.59609375 0.0703125 0.10625
0 0.47734375 0.6765625 0.0765625 0.04375
0 0.53203125 0.725 0.09375 0.0609375
0 0.55546875 0.64453125 0.075 0.040625
0 0.590625 0.53671875 0.0734375 0.040625
0 0.65 0.396875 0.0703125 0.146875
0 0.57265625 0.23671875 0.0359375 0.1140625
0 0.58515625 0.2203125 0.021875 0.0875
0 0.7 0.40234375 0.0515625 0.140625
0 0.396875 0.3859375 0.0515625 0.0265625
0 0.16015625 0.803125 0.0625 0.115625
0 0.3390625 0.72421875 0.071875 0.059375
0 0.36328125 0.68359375 0.0609375 0.0578125
0 0.5265625 0.56875 0.0671875 0.040625
0 0.93046875 0.9015625 0.0734375 0.0546875
0 0.67734375 0.83203125 0.0671875 0.0359375
0 0.5890625 0.77109375 0.0734375 0.034375
0 0.184375 0.728125 0.1 0.059375
0 0.25625 0.62421875 0.0328125 0.0953125
0 0.2703125 0.3703125 0.0296875 0.0765625
0 0.2875 0.31484375 0.025 0.0609375
0 0.3828125 0.19375 0.025 0.046875
0 0.4765625 0.14765625 0.0203125 0.075
0 0.4296875 0.8125 0.053125 0.0515625
0 0.3453125 0.51171875 0.0640625 0.0265625
0 0.34375 0.52109375 0.028125 0.06875
0 0.38671875 0.896875 0.0609375 0.0546875
0 0.718890625 0.661234375 0.17157812500000008 0.25026562499999994
0 0.466953125 0.46328125 0.10670312499999994 0.10434374999999996