0 0.19375 0.11328125 0.034375 0.1796875
0 0.4078125 0.234375 0.09375 0.046875
0 0.4984375 0.0984375 0.0296875 0.134375
0 0.803125 0.56015625 0.0828125 0.078125
0 0.66875 0.58515625 0.084375 0.0765625
0 0.96171875 0.68203125 0.071875 0.228125
0 0.9796875 0.35703125 0.040625 0.1234375
0 0.91015625 0.09765625 0.0515625 0.121875
0 0.92421875 0.27265625 0.06875 0.1265625
0 0.60078125 0.35078125 0.071875 0.10625
0 0.22109375 0.9 0.1484375 0.090625
0 0.35703125 0.59375 0.071875 0.1078125
0 0.47421875 0.67578125 0.0765625 0.0453125
0 0.528125 0.72578125 0.0953125 0.0625
0 0.553125 0.6453125 0.075 0.0421875
0 0.58984375 0.53828125 0.0734375 0.0421875
0 0.6515625 0.39921875 0.0734375 0.1484375
0 0.57734375 0.23828125 0.0375 0.1140625
0 0.58984375 0.221875 0.0234375 0.0875
0 0.7015625 0.40546875 0.0546875 0.1421875
0 0.39921875 0.384375 0.0515625 0.028125
0 0.1546875 0.796875 0.0640625 0.1171875
0 0.33515625 0.72109375 0.0734375 0.0609375
0 0.36015625 0.68125 0.0625 0.059375
0 0.525 0.56953125 0.0671875 0.0421875
0 0.9234375 0.909375 0.075 0.05625
0 0.671875 0.83515625 0.0671875 0.0375
0 0.584375 0.77265625 0.0734375 0.0359375
0 0.18046875 0.72265625 0.1015625 0.0609375
0 0.25390625 0.6203125 0.034375 0.0953125
0 0.27265625 0.36640625 0.03125 0.0765625
0 0.290625 0.3109375 0.0265625 0.0609375
0 0.38828125 0.19140625 0.0265625 0.046875
0 0.4828125 0.14765625 0.021875 0.075
0 0.42421875 0.8109375 0.0546875 0.053125
0 0.3453125 0.509375 0.0640625 0.028125
0 0.34375 0.51875 0.0296875 0.06875
0 0.3796875 0.89453125 0.0625 0.05625
0 0.71640625 0.66484375 0.1765625 0.253125
0 0.46796875 0.4625 0.1078125 0.10625