0 0.60390625 0.3 0.0765625 0.3
0 0.8171875 0.109375 0.05625 0.196875
0 0.74140625 0.12265625 0.034375 0.1328125
0 0.9078125 0.29453125 0.0203125 0.1109375
0 0.95234375 0.384375 0.0765625 0.046875
0 0.6171875 0.5765625 0.103125 0.0671875
0 0.73046875 0.5890625 0.078125 0.0578125
0 0.52734375 0.51796875 0.05625 0.1015625
0 0.93671875 0.81484375 0.0859375 0.05
0 0.8953125 0.93828125 0.0796875 0.0515625
0 0.08125 0.65703125 0.0390625 0.15
0 0.0390625 0.6609375 0.0625 0.059375
0 0.184375 0.3875 0.0671875 0.08125
0 0.38359375 0.28984375 0.05625 0.1421875
0 0.45546875 0.24921875 0.0734375 0.0890625
0 0.46484375 0.27578125 0.059375 0.15625
0 0.4140625 0.1046875 0.05 0.1234375
0 0.496875 0.15390625 0.0171875 0.0875
0 0.346875 0.253125 0.05 0.1359375
0 0.2296875 0.1546875 0.0328125 0.0609375
0 0.47265625 0.6609375 0.084375 0.04375
0 0.540625 0.6296875 0.065625 0.0515625
0 0.5484375 0.7296875 0.0734375 0.0421875
0 0.62890625 0.69296875 0.0640625 0.0546875
0 0.70625 0.6828125 0.0515625 0.03125
0 0.87734375 0.5109375 0.0390625 0.0453125
0 0.88515625 0.49921875 0.015625 0.075
0 0.75546875 0.5 0.01875 0.046875
0 0.690625 0.53046875 0.0359375 0.0375
0 0.56796875 0.53125 0.0578125 0.028125
0 0.58125 0.43828125 0.0546875 0.10625
0 0.39921875 0.3796875 0.040625 0.040625
0 0.353125 0.465625 0.015625 0.0625
0 0.25859375 0.3265625 0.01875 0.065625
0 0.1546875 0.46640625 0.0375 0.0953125
0 0.1765625 0.45234375 0.0359375 0.0390625
0 0.2890625 0.3921875 0.0328125 0.0390625
0 0.62890625 0.7859375 0.059375 0.0421875
0 0.62265625 0.8671875 0.05625 0.0375
0 0.33125 0.7328125 0.05625 0.053125
0 0.36640625 0.70390625 0.0484375 0.0390625
0 0.51953125 0.58671875 0.05625 0.0375
0 0.3984375 0.6609375 0.01875 0.05
0 0.47421875 0.8671875 0.0421875 0.0375
0 0.2875 0.4921875 0.0328125 0.04375
0 0.234375 0.53984375 0.04375 0.05625
0 0.1984375 0.225 0.025 0.0484375
0 0.7921875 0.6953125 0.04375 0.025
0 0.78984375 0.73125 0.0375 0.0265625
0 0.75078125 0.36953125 0.15625 0.23125