0 0.6 0.29765625 0.08125 0.3
0 0.8109375 0.10390625 0.059375 0.1984375
0 0.73515625 0.11875 0.0375 0.1328125
0 0.90390625 0.2875 0.021875 0.1109375
0 0.95 0.3765625 0.078125 0.0484375
0 0.61875 0.575 0.1046875 0.06875
0 0.73203125 0.58515625 0.078125 0.059375
0 0.528125 0.51796875 0.0578125 0.1015625
0 0.9421875 0.80703125 0.0875 0.0515625
0 0.903125 0.93125 0.0796875 0.0515625
0 0.08359375 0.66484375 0.0421875 0.15
0 0.0421875 0.66875 0.0625 0.0609375
0 0.18203125 0.39296875 0.0671875 0.0828125
0 0.3796875 0.2921875 0.0578125 0.1421875
0 0.45078125 0.25 0.075 0.090625
0 0.4609375 0.2765625 0.0625 0.15625
0 0.4078125 0.10625 0.0515625 0.125
0 0.490625 0.15390625 0.01875 0.0875
0 0.34296875 0.25546875 0.053125 0.1375
0 0.22421875 0.16015625 0.034375 0.0609375
0 0.475 0.66171875 0.0859375 0.0453125
0 0.54296875 0.62890625 0.065625 0.053125
0 0.553125 0.72890625 0.075 0.04375
0 0.63203125 0.690625 0.0640625 0.05625
0 0.709375 0.67890625 0.0515625 0.03125
0 0.878125 0.50390625 0.040625 0.046875
0 0.88515625 0.49296875 0.015625 0.075
0 0.75546875 0.4953125 0.01875 0.0484375
0 0.69140625 0.52734375 0.0375 0.0375
0 0.56875 0.53046875 0.0578125 0.028125
0 0.58046875 0.4375 0.0578125 0.10625
0 0.396875 0.38125 0.0421875 0.0421875
0 0.353125 0.46796875 0.0171875 0.0625
0 0.25546875 0.33046875 0.0203125 0.0671875
0 0.15390625 0.47265625 0.0390625 0.0953125
0 0.17578125 0.4578125 0.0375 0.0390625
0 0.2875 0.39609375 0.034375 0.0390625
0 0.634375 0.78359375 0.0609375 0.04375
0 0.62890625 0.865625 0.05625 0.0375
0 0.3359375 0.73515625 0.05625 0.053125
0 0.3703125 0.70625 0.05 0.0390625
0 0.52109375 0.5859375 0.05625 0.0375
0 0.40078125 0.6625 0.01875 0.0515625
0 0.48046875 0.86796875 0.04375 0.0390625
0 0.2875 0.49609375 0.034375 0.04375
0 0.23515625 0.54453125 0.04375 0.0578125
0 0.19375 0.23046875 0.025 0.0484375
0 0.7953125 0.68984375 0.04375 0.0265625
0 0.79375 0.72578125 0.0375 0.028125
0 0.7484375 0.36484375 0.1609375 0.234375