0 0.46328125 0.18046875 0.0296875 0.10625
0 0.59921875 0.15703125 0.078125 0.04375
0 0.67265625 0.28984375 0.0359375 0.171875
0 0.95546875 0.13125 0.046875 0.140625
0 0.99453125 0.1609375 0.0109375 0.034375
0 0.928125 0.603125 0.0796875 0.0984375
0 0.86796875 0.5296875 0.046875 0.09375
0 0.9265625 0.49765625 0.0296875 0.0890625
0 0.8953125 0.49921875 0.0328125 0.0734375
0 0.85859375 0.49453125 0.0234375 0.0703125
0 0.834375 0.64765625 0.078125 0.0703125
0 0.78984375 0.74453125 0.0671875 0.0390625
0 0.521875 0.5859375 0.0734375 0.05625
0 0.57890625 0.54453125 0.046875 0.046875
0 0.6453125 0.4359375 0.0203125 0.084375
0 0.7578125 0.4046875 0.025 0.0921875
0 0.203125 0.09921875 0.053125 0.0921875
0 0.42421875 0.1921875 0.0515625 0.0625
0 0.4390625 0.2421875 0.0359375 0.053125
0 0.40390625 0.30234375 0.0390625 0.059375
0 0.553125 0.4125 0.0203125 0.0703125
0 0.66796875 0.578125 0.025 0.065625
0 0.40859375 0.47578125 0.046875 0.0734375
0 0.21015625 0.46875 0.0546875 0.0453125
0 0.09140625 0.775 0.0515625 0.0765625
0 0.196875 0.8203125 0.053125 0.06875
0 0.15703125 0.884375 0.05625 0.0375
0 0.31171875 0.4890625 0.0421875 0.04375
0 0.159375 0.26640625 0.0515625 0.046875
0 0.23046875 0.2796875 0.03125 0.0453125
0 0.58359375 0.66484375 0.040625 0.071875
0 0.6453125 0.6484375 0.0640625 0.0390625
0 0.675 0.684375 0.0578125 0.0234375
0 0.68046875 0.7703125 0.05625 0.0390625
0 0.5765625 0.759375 0.0640625 0.0390625
0 0.775 0.94453125 0.046875 0.0328125
0 0.259375 0.38359375 0.01875 0.0484375
0 0.896875 0.57421875 0.05625 0.0390625
0 0.8875 0.74140625 0.034375 0.0328125
0 0.465625 0.74453125 0.0390625 0.034375
0 0.415625 0.771875 0.0328125 0.0421875