0 0.678125 0.5046875 0.0546875 0.078125
0 0.94609375 0.10546875 0.0828125 0.1296875
0 0.97265625 0.10234375 0.0546875 0.1421875
0 0.70859375 0.065625 0.040625 0.06875
0 0.76796875 0.3390625 0.0640625 0.078125
0 0.84140625 0.4515625 0.0296875 0.11875
0 0.97734375 0.3859375 0.0421875 0.0625
0 0.984375 0.453125 0.028125 0.025
0 0.88125 0.665625 0.05625 0.0703125
0 0.8875 0.67421875 0.0640625 0.034375
0 0.9734375 0.64609375 0.0515625 0.0359375
0 0.97890625 0.60078125 0.0328125 0.0265625
0 0.7609375 0.521875 0.0546875 0.0265625
0 0.71328125 0.55859375 0.08125 0.0796875
0 0.621875 0.546875 0.0234375 0.0390625
0 0.5125 0.5 0.065625 0.0453125
0 0.546875 0.33203125 0.015625 0.0640625
0 0.428125 0.1296875 0.009375 0.1
0 0.29609375 0.0859375 0.0109375 0.0859375
0 0.1625 0.303125 0.0578125 0.040625
0 0.21484375 0.31328125 0.0171875 0.0640625
0 0.30234375 0.28125 0.0125 0.05625
0 0.41015625 0.32109375 0.021875 0.0203125
0 0.365625 0.515625 0.0359375 0.0875
0 0.440625 0.60546875 0.0578125 0.040625
0 0.39921875 0.62109375 0.04375 0.0453125
0 0.49453125 0.7484375 0.0515625 0.0359375
0 0.56171875 0.75 0.0359375 0.0453125
0 0.6515625 0.7984375 0.0515625 0.034375
0 0.78203125 0.740625 0.0609375 0.034375
0 0.7671875 0.7390625 0.0234375 0.078125
0 0.8921875 0.77109375 0.0390625 0.0265625
0 0.85234375 0.79921875 0.0515625 0.025
0 0.409375 0.75859375 0.034375 0.0390625
0 0.32109375 0.4546875 0.0296875 0.040625
0 0.56171875 0.86484375 0.0234375 0.040625
0 0.0109375 0.315625 0.01875 0.05
0 0.309375 0.75703125 0.05 0.0359375