0 0.678125 0.5015625 0.05625 0.0796875
0 0.9390625 0.09765625 0.084375 0.13125
0 0.965625 0.09453125 0.0578125 0.14375
0 0.70078125 0.06171875 0.0421875 0.06875
0 0.76484375 0.334375 0.065625 0.0796875
0 0.840625 0.4453125 0.03125 0.11875
0 0.975 0.37734375 0.04375 0.0625
0 0.98359375 0.44453125 0.028125 0.025
0 0.884375 0.65859375 0.0578125 0.071875
0 0.890625 0.6671875 0.0640625 0.0359375
0 0.975 0.6375 0.05 0.0375
0 0.98046875 0.5921875 0.0328125 0.0265625
0 0.7609375 0.5171875 0.0546875 0.028125
0 0.7140625 0.5546875 0.0828125 0.08125
0 0.62265625 0.54453125 0.0234375 0.0390625
0 0.5125 0.5 0.065625 0.046875
0 0.54375 0.33125 0.0171875 0.0640625
0 0.421875 0.13125 0.0109375 0.1
0 0.2890625 0.08984375 0.0125 0.0859375
0 0.159375 0.309375 0.0578125 0.0421875
0 0.21171875 0.31796875 0.01875 0.0640625
0 0.2984375 0.284375 0.0140625 0.05625
0 0.40703125 0.32265625 0.021875 0.0203125
0 0.365625 0.51796875 0.0375 0.0875
0 0.4421875 0.60625 0.0578125 0.0421875
0 0.4015625 0.62265625 0.0453125 0.0453125
0 0.49921875 0.7484375 0.0515625 0.0375
0 0.56640625 0.74921875 0.0375 0.0453125
0 0.65703125 0.79609375 0.0515625 0.0359375
0 0.7859375 0.7359375 0.0609375 0.0359375
0 0.77109375 0.734375 0.025 0.078125
0 0.896875 0.7640625 0.0390625 0.0265625
0 0.8578125 0.79296875 0.0515625 0.0265625
0 0.4140625 0.76015625 0.034375 0.0390625
0 0.3203125 0.4578125 0.0296875 0.040625
0 0.56796875 0.8640625 0.0234375 0.040625
0 0.00859375 0.3234375 0.0171875 0.05
0 0.3140625 0.76015625 0.05 0.0375