0 0.675 0.46484375 0.0703125 0.0890625
0 0.8453125 0.04375 0.109375 0.0875
0 0.87109375 0.040625 0.0859375 0.08125
0 0.60546875 0.03359375 0.0546875 0.0671875
0 0.725 0.2828125 0.0796875 0.090625
0 0.821875 0.37578125 0.05625 0.121875
0 0.9390625 0.28125 0.0546875 0.0703125
0 0.96171875 0.3453125 0.0328125 0.03125
0 0.90859375 0.57578125 0.0703125 0.08125
0 0.91640625 0.5828125 0.0703125 0.0484375
0 0.9828125 0.5359375 0.034375 0.046875
0 0.98515625 0.48984375 0.0296875 0.0328125
0 0.759375 0.4625 0.059375 0.0375
0 0.72109375 0.509375 0.096875 0.0953125
0 0.62890625 0.51796875 0.03125 0.04375
0 0.5125 0.496875 0.0734375 0.059375
0 0.5078125 0.32578125 0.0296875 0.065625
0 0.346875 0.15546875 0.03125 0.1
0 0.2078125 0.1421875 0.0296875 0.0859375
0 0.1265625 0.384375 0.065625 0.053125
0 0.18046875 0.38203125 0.03125 0.065625
0 0.2578125 0.33125 0.025 0.0578125
0 0.371875 0.34609375 0.0265625 0.025
0 0.37265625 0.5453125 0.0546875 0.09375
0 0.465625 0.61640625 0.065625 0.053125
0 0.42890625 0.640625 0.053125 0.0546875
0 0.55078125 0.74296875 0.0578125 0.046875
0 0.61640625 0.7296875 0.0453125 0.0515625
0 0.71484375 0.75703125 0.0578125 0.0453125
0 0.82890625 0.67109375 0.0671875 0.046875
0 0.8140625 0.67265625 0.040625 0.08125
0 0.94296875 0.67578125 0.04375 0.034375
0 0.9109375 0.7125 0.05625 0.0359375
0 0.46953125 0.77265625 0.0421875 0.0453125
0 0.315625 0.49609375 0.0375 0.046875
0 0.6421875 0.84140625 0.03125 0.0453125
0 0.371875 0.79296875 0.05625 0.046875