0 0.428125 0.12890625 0.0328125 0.184375
0 0.45234375 0.13203125 0.0765625 0.075
0 0.0328125 0.35703125 0.065625 0.0546875
0 0.21953125 0.178125 0.0390625 0.08125
0 0.28515625 0.3203125 0.046875 0.090625
0 0.390625 0.2359375 0.0390625 0.071875
0 0.421875 0.409375 0.0453125 0.0296875
0 0.2859375 0.33359375 0.0390625 0.0328125
0 0.2734375 0.35078125 0.053125 0.0359375
0 0.26640625 0.38671875 0.03125 0.0359375
0 0.28203125 0.49375 0.053125 0.08125
0 0.43359375 0.5609375 0.0234375 0.078125
0 0.70703125 0.41796875 0.034375 0.0484375
0 0.74296875 0.48125 0.053125 0.11875
0 0.90078125 0.30703125 0.0640625 0.146875
0 0.9578125 0.33671875 0.0796875 0.0453125
0 0.84140625 0.1359375 0.0734375 0.0609375
0 0.79140625 0.2578125 0.065625 0.0359375
0 0.65625 0.19453125 0.0515625 0.0359375
0 0.53984375 0.61875 0.0203125 0.0734375
0 0.45234375 0.6375 0.0546875 0.025
0 0.80859375 0.58515625 0.01875 0.0859375
0 0.84921875 0.58671875 0.078125 0.0359375
0 0.98515625 0.4265625 0.028125 0.0671875
0 0.97578125 0.4046875 0.034375 0.0484375
0 0.9109375 0.70703125 0.0703125 0.0390625
0 0.9234375 0.584375 0.04375 0.0328125
0 0.7546875 0.62421875 0.04375 0.028125
0 0.5953125 0.69609375 0.0203125 0.075
0 0.6421875 0.6859375 0.0203125 0.0671875
0 0.71171875 0.73203125 0.034375 0.0625
0 0.85859375 0.7390625 0.0359375 0.065625
0 0.98125 0.74609375 0.0375 0.0546875
0 0.190625 0.51328125 0.0453125 0.0390625
0 0.74296875 0.54296875 0.046875 0.0265625
0 0.8578125 0.60390625 0.0359375 0.053125
0 0.94765625 0.7484375 0.05 0.0359375