0 0.346875 0.1546875 0.0734375 0.1875
0 0.37109375 0.15234375 0.0921875 0.090625
0 0.025 0.465625 0.05 0.06875
0 0.1546875 0.24921875 0.05625 0.0875
0 0.25 0.3734375 0.065625 0.0984375
0 0.334375 0.2671875 0.0546875 0.078125
0 0.403125 0.42890625 0.0515625 0.0390625
0 0.25390625 0.3859375 0.0453125 0.040625
0 0.2453125 0.40546875 0.059375 0.046875
0 0.246875 0.4421875 0.0390625 0.0421875
0 0.2859375 0.54296875 0.0703125 0.090625
0 0.44921875 0.57421875 0.040625 0.08125
0 0.68359375 0.3734375 0.04375 0.0546875
0 0.7328125 0.42734375 0.078125 0.128125
0 0.846875 0.221875 0.0953125 0.1578125
0 0.909375 0.23828125 0.0875 0.0625
0 0.75078125 0.06875 0.0859375 0.0765625
0 0.7296875 0.1984375 0.071875 0.05
0 0.58359375 0.1671875 0.0578125 0.046875
0 0.565625 0.60703125 0.0359375 0.0765625
0 0.484375 0.64453125 0.059375 0.0359375
0 0.81953125 0.51328125 0.0375 0.0875
0 0.86015625 0.50625 0.084375 0.053125
0 0.95625 0.31953125 0.0421875 0.071875
0 0.9421875 0.3 0.04375 0.0546875
0 0.946875 0.609375 0.0765625 0.053125
0 0.93125 0.48671875 0.05 0.0421875
0 0.77578125 0.5640625 0.0484375 0.0375
0 0.63671875 0.66953125 0.0359375 0.078125
0 0.68046875 0.64921875 0.034375 0.0703125
0 0.75859375 0.678125 0.046875 0.06875
0 0.903125 0.65234375 0.05 0.071875
0 0.2015625 0.5828125 0.053125 0.0484375
0 0.74609375 0.4875 0.0515625 0.0359375
0 0.871875 0.52109375 0.046875 0.059375
0 0.98203125 0.640625 0.0359375 0.046875