0 0.48046875 0.12265625 0.0578125 0.1875
0 0.50390625 0.12890625 0.0859375 0.084375
0 0.05703125 0.29375 0.071875 0.0640625
0 0.2671875 0.1421875 0.05 0.0859375
0 0.3125 0.2921875 0.059375 0.096875
0 0.428125 0.2234375 0.0484375 0.0765625
0 0.43515625 0.39921875 0.0484375 0.0359375
0 0.3109375 0.30546875 0.04375 0.0375
0 0.29609375 0.3203125 0.0578125 0.04375
0 0.284375 0.35546875 0.0359375 0.040625
0 0.28515625 0.46328125 0.0640625 0.0875
0 0.42578125 0.55078125 0.034375 0.08125
0 0.71640625 0.44765625 0.040625 0.053125
0 0.74296875 0.515625 0.06875 0.125
0 0.9234375 0.36484375 0.084375 0.1546875
0 0.96640625 0.4015625 0.0671875 0.05625
0 0.8890625 0.18671875 0.08125 0.0703125
0 0.82265625 0.30078125 0.0703125 0.0453125
0 0.696875 0.21953125 0.05625 0.0421875
0 0.52265625 0.6234375 0.0296875 0.075
0 0.43359375 0.6296875 0.0578125 0.0328125
0 0.79375 0.62734375 0.03125 0.0875
0 0.83359375 0.634375 0.0828125 0.046875
0 0.9859375 0.49453125 0.028125 0.0703125
0 0.98203125 0.471875 0.0359375 0.053125
0 0.878125 0.7625 0.075 0.0484375
0 0.9078125 0.6421875 0.0484375 0.0390625
0 0.73515625 0.65859375 0.046875 0.034375
0 0.5671875 0.7078125 0.03125 0.0765625
0 0.61484375 0.70390625 0.0296875 0.06875
0 0.67734375 0.759375 0.0421875 0.0671875
0 0.821875 0.78671875 0.0453125 0.0703125
0 0.9421875 0.8109375 0.0453125 0.059375
0 0.19140625 0.4703125 0.05 0.0453125
0 0.734375 0.5765625 0.05 0.0328125
0 0.83984375 0.65234375 0.04375 0.0578125
0 0.90859375 0.80859375 0.0546875 0.0421875