0 0.5625 0.21953125 0.0640625 0.0640625
0 0.55703125 0.10703125 0.059375 0.15
0 0.7015625 0.1703125 0.040625 0.134375
0 0.7265625 0.30234375 0.0703125 0.0484375
0 0.74921875 0.13046875 0.065625 0.0328125
0 0.79296875 0.09921875 0.034375 0.075
0 0.92578125 0.08828125 0.09375 0.03125
0 0.9890625 0.3015625 0.021875 0.04375
0 0.98828125 0.3546875 0.0234375 0.06875
0 0.9890625 0.4140625 0.021875 0.04375
0 0.88125 0.49765625 0.053125 0.0453125
0 0.76953125 0.390625 0.05 0.04375
0 0.6515625 0.3703125 0.0546875 0.0515625
0 0.52421875 0.37578125 0.0625 0.05
0 0.475 0.240625 0.0328125 0.1328125
0 0.49609375 0.10859375 0.0640625 0.0375
0 0.35234375 0.09453125 0.0734375 0.0375
0 0.27578125 0.0640625 0.0484375 0.128125
0 0.278125 0.11328125 0.046875 0.0890625
0 0.36328125 0.36796875 0.0546875 0.0859375
0 0.68515625 0.56328125 0.0578125 0.1421875
0 0.72265625 0.55546875 0.046875 0.1
0 0.75859375 0.47734375 0.0546875 0.1046875
0 0.853125 0.5703125 0.071875 0.078125
0 0.9546875 0.58515625 0.0671875 0.0796875
0 0.784375 0.66171875 0.08125 0.04375
0 0.5125 0.58671875 0.05625 0.0578125
0 0.3296875 0.5765625 0.05 0.04375
0 0.2390625 0.37109375 0.053125 0.0671875
0 0.2515625 0.3171875 0.0484375 0.028125
0 0.33671875 0.20703125 0.0359375 0.0546875
0 0.5453125 0.315625 0.05 0.0515625
0 0.61484375 0.56796875 0.0484375 0.040625
0 0.62421875 0.66875 0.040625 0.0640625
0 0.72109375 0.67734375 0.0375 0.0578125
0 0.82578125 0.66171875 0.053125 0.0625
0 0.9171875 0.6890625 0.0796875 0.1046875
0 0.95625 0.75859375 0.0375 0.0640625
0 0.7859375 0.8828125 0.0796875 0.046875
0 0.86875 0.915625 0.034375 0.084375
0 0.915625 0.82421875 0.0546875 0.040625
0 0.6921875 0.7875 0.0625 0.0703125
0 0.596875 0.76484375 0.053125 0.0453125
0 0.5484375 0.7828125 0.0515625 0.04375
0 0.809375 0.8421875 0.0640625 0.078125
0 0.840625 0.7265625 0.053125 0.05625
0 0.79765625 0.7890625 0.046875 0.0390625
0 0.36796875 0.46328125 0.0359375 0.0546875
0 0.38984375 0.62109375 0.01875 0.05625
0 0.2328125 0.1859375 0.0328125 0.04375
0 0.2 0.13203125 0.021875 0.071875
0 0.35390625 0.38828125 0.0453125 0.0609375
0 0.86484375 0.49921875 0.05 0.0328125
0 0.69296875 0.41171875 0.096875 0.0453125