0 0.78515625 0.11640625 0.09375 0.1703125
0 0.81171875 0.10234375 0.0140625 0.0390625
0 0.96796875 0.09375 0.0609375 0.065625
0 0.9609375 0.13828125 0.071875 0.05625
0 0.97265625 0.20703125 0.0515625 0.0765625
0 0.9390625 0.21875 0.0453125 0.03125
0 0.75234375 0.17109375 0.075 0.0453125
0 0.8 0.2609375 0.059375 0.109375
0 0.7875 0.396875 0.0828125 0.0421875
0 0.84375 0.48203125 0.0609375 0.09375
0 0.33125 0.17109375 0.03125 0.1703125
0 0.52109375 0.2015625 0.0734375 0.05625
0 0.47421875 0.1234375 0.053125 0.075
0 0.28515625 0.06328125 0.0265625 0.0546875
0 0.24296875 0.05390625 0.053125 0.04375
0 0.1203125 0.053125 0.0578125 0.04375
0 0.15546875 0.11953125 0.059375 0.040625
0 0.16875 0.15625 0.05 0.046875
0 0.21875 0.3265625 0.0515625 0.03125
0 0.21015625 0.396875 0.025 0.0453125
0 0.25234375 0.39296875 0.0390625 0.03125
0 0.31796875 0.45078125 0.04375 0.04375
0 0.30390625 0.4578125 0.0234375 0.053125
0 0.328125 0.57421875 0.04375 0.03125
0 0.37734375 0.41484375 0.01875 0.08125
0 0.53359375 0.303125 0.04375 0.0953125
0 0.48046875 0.3734375 0.05 0.059375
0 0.4984375 0.41484375 0.0390625 0.01875
0 0.63671875 0.38125 0.0625 0.0359375
0 0.92578125 0.5703125 0.0578125 0.071875
0 0.85703125 0.61640625 0.0453125 0.1296875
0 0.7421875 0.7265625 0.071875 0.0328125
0 0.6671875 0.60390625 0.0578125 0.065625
0 0.4203125 0.65859375 0.0546875 0.0359375
0 0.63828125 0.6 0.04375 0.034375
0 0.7265625 0.6609375 0.0265625 0.03125
0 0.70390625 0.72265625 0.03125 0.0640625
0 0.840625 0.72265625 0.071875 0.040625
0 0.8640625 0.7578125 0.0640625 0.053125
0 0.84296875 0.87265625 0.053125 0.0703125
0 0.98515625 0.634375 0.0265625 0.0359375
0 0.975 0.76640625 0.05 0.0671875
0 0.79375 0.7859375 0.0484375 0.046875
0 0.734375 0.75703125 0.0421875 0.0546875
0 0.72421875 0.8109375 0.034375 0.025
0 0.41953125 0.86953125 0.040625 0.0453125
0 0.81640625 0.68125 0.0375 0.0625
0 0.7245468749999999 0.3611875 0.08840625000000006 0.05014062499999996