0 0.278125 0.08359375 0.11875 0.1671875
0 0.2546875 0.05859375 0.0203125 0.040625
0 0.10078125 0.03125 0.0703125 0.0625
0 0.1015625 0.0703125 0.0796875 0.0671875
0 0.07890625 0.13671875 0.0625 0.084375
0 0.11015625 0.15390625 0.05 0.0375
0 0.30234375 0.1359375 0.08125 0.05625
0 0.24140625 0.2171875 0.075 0.1171875
0 0.23203125 0.353125 0.0890625 0.0546875
0 0.16328125 0.428125 0.075 0.1015625
0 0.71796875 0.2015625 0.0578125 0.1734375
0 0.52578125 0.2015625 0.08125 0.0671875
0 0.584375 0.13203125 0.0640625 0.0828125
0 0.78046875 0.10234375 0.034375 0.0578125
0 0.8234375 0.09921875 0.059375 0.0515625
0 0.94453125 0.11796875 0.0640625 0.0515625
0 0.9 0.178125 0.065625 0.05
0 0.88125 0.2125 0.05625 0.0546875
0 0.8046875 0.37265625 0.05625 0.0390625
0 0.80234375 0.44375 0.03125 0.0484375
0 0.76171875 0.4328125 0.04375 0.0375
0 0.6875 0.4796875 0.05 0.05
0 0.7 0.4890625 0.03125 0.05625
0 0.6578125 0.6 0.0484375 0.0375
0 0.634375 0.43515625 0.03125 0.0828125
0 0.49765625 0.3 0.0578125 0.1015625
0 0.5390625 0.378125 0.059375 0.0671875
0 0.51484375 0.41640625 0.0421875 0.025
0 0.38359375 0.3609375 0.0671875 0.0453125
0 0.06875 0.503125 0.06875 0.0796875
0 0.12890625 0.559375 0.065625 0.1359375
0 0.225 0.6859375 0.0765625 0.04375
0 0.31875 0.5765625 0.0671875 0.0734375
0 0.55390625 0.66875 0.059375 0.04375
0 0.34765625 0.57734375 0.0484375 0.040625
0 0.25078125 0.6234375 0.03125 0.034375
0 0.2640625 0.68828125 0.040625 0.06875
0 0.12890625 0.66640625 0.078125 0.0515625
0 0.1 0.69765625 0.071875 0.0625
0 0.103125 0.8140625 0.0640625 0.078125
0 0.0078125 0.55703125 0.015625 0.0390625
0 0.009375 0.68828125 0.01875 0.0734375
0 0.16484375 0.73671875 0.0546875 0.053125
0 0.228125 0.7171875 0.05 0.0609375
0 0.2296875 0.771875 0.0375 0.0296875
0 0.521875 0.87734375 0.046875 0.0515625
0 0.159375 0.6296875 0.046875 0.0671875
0 0.3 0.328125 0.0953125 0.0640625