0 0.33046875 0.4234375 0.128125 0.15625
0 0.36640625 0.54921875 0.1171875 0.1171875
0 0.0609375 0.19609375 0.0984375 0.10625
0 0.2515625 0.06640625 0.0359375 0.0890625
0 0.71875 0.11875 0.0375 0.1609375
0 0.696875 0.13515625 0.059375 0.0515625
0 0.625 0.203125 0.034375 0.04375
0 0.3984375 0.2 0.059375 0.0453125
0 0.3 0.09453125 0.06875 0.0375
0 0.2234375 0.37265625 0.0671875 0.0578125
0 0.17890625 0.40234375 0.0546875 0.0953125
0 0.04375 0.3375 0.0734375 0.0984375
0 0.12890625 0.41796875 0.040625 0.071875
0 0.06015625 0.46484375 0.084375 0.075
0 0.10703125 0.50703125 0.0328125 0.0765625
0 0.01640625 0.4484375 0.0265625 0.04375
0 0.0671875 0.77734375 0.053125 0.078125
0 0.290625 0.8078125 0.059375 0.1484375
0 0.221875 0.70703125 0.05625 0.1234375
0 0.16328125 0.72578125 0.059375 0.0375
0 0.21328125 0.79140625 0.046875 0.021875
0 0.39765625 0.7515625 0.065625 0.0515625
0 0.3953125 0.77578125 0.0328125 0.0484375
0 0.45546875 0.71328125 0.06875 0.03125
0 0.5953125 0.3 0.0140625 0.08125
0 0.4265625 0.33203125 0.1046875 0.084375
0 0.45078125 0.48125 0.028125 0.1421875
0 0.50390625 0.446875 0.046875 0.0515625
0 0.590625 0.4421875 0.0203125 0.078125
0 0.63671875 0.4765625 0.05625 0.046875
0 0.67890625 0.4015625 0.025 0.090625
0 0.7015625 0.625 0.0546875 0.028125
0 0.853125 0.17890625 0.01875 0.0796875
0 0.95703125 0.3671875 0.028125 0.0921875
0 0.81796875 0.371875 0.0421875 0.0328125
0 0.7984375 0.3390625 0.0203125 0.046875
0 0.8375 0.22734375 0.0328125 0.075
0 0.73671875 0.45 0.0453125 0.0375
0 0.74609375 0.51484375 0.0140625 0.034375
0 0.7453125 0.5515625 0.040625 0.0359375
0 0.34609375 0.65234375 0.0375 0.0296875
0 0.35 0.3359375 0.0375 0.05
0 0.08046875 0.13671875 0.053125 0.0625
0 0.27421875 0.4890625 0.046875 0.0875
0 0.32421875 0.46484375 0.046875 0.1046875
0 0.396875 0.4765625 0.0609375 0.0625
0 0.31796875 0.7171875 0.0296875 0.0421875
0 0.1578125 0.5203125 0.0515625 0.0328125
0 0.25390625 0.91953125 0.0296875 0.046875