0 0.68359375 0.4703125 0.1546875 0.175
0 0.61640625 0.58203125 0.1359375 0.1359375
0 0.971875 0.3203125 0.05625 0.121875
0 0.85234375 0.1453125 0.0515625 0.0921875
0 0.3875 0.078125 0.065625 0.15625
0 0.40390625 0.09609375 0.0671875 0.0625
0 0.45546875 0.18125 0.0421875 0.0484375
0 0.67578125 0.23671875 0.065625 0.05625
0 0.7984375 0.16015625 0.0734375 0.05
0 0.8 0.4484375 0.0765625 0.0703125
0 0.83515625 0.48828125 0.071875 0.103125
0 0.96875 0.4609375 0.0625 0.109375
0 0.8796875 0.5171875 0.053125 0.0765625
0 0.93359375 0.58046875 0.0953125 0.0890625
0 0.87734375 0.60859375 0.0453125 0.0796875
0 0.98046875 0.57578125 0.034375 0.046875
0 0.84609375 0.8796875 0.065625 0.0859375
0 0.62265625 0.8515625 0.0859375 0.1546875
0 0.715625 0.771875 0.078125 0.1296875
0 0.7671875 0.80546875 0.0640625 0.0484375
0 0.7015625 0.85625 0.05 0.0296875
0 0.534375 0.76953125 0.0734375 0.0625
0 0.53046875 0.79296875 0.040625 0.053125
0 0.4875 0.71796875 0.071875 0.04375
0 0.459375 0.28203125 0.0296875 0.08125
0 0.6140625 0.35625 0.1171875 0.1015625
0 0.55234375 0.49453125 0.0546875 0.14375
0 0.509375 0.44765625 0.0546875 0.059375
0 0.42734375 0.42109375 0.034375 0.0796875
0 0.37421875 0.4421875 0.0640625 0.05625
0 0.353125 0.35859375 0.0421875 0.09375
0 0.2734375 0.56875 0.0578125 0.0375
0 0.2421875 0.0984375 0.0328125 0.08125
0 0.09296875 0.25390625 0.0453125 0.09375
0 0.22578125 0.29375 0.046875 0.0390625
0 0.253125 0.2671875 0.028125 0.05
0 0.24453125 0.14921875 0.0453125 0.078125
0 0.284375 0.38984375 0.05 0.0453125
0 0.25859375 0.45078125 0.0203125 0.0359375
0 0.25 0.48671875 0.0453125 0.0421875
0 0.609375 0.6875 0.040625 0.0359375
0 0.6875 0.38046875 0.0453125 0.0546875
0 0.98359375 0.25703125 0.0328125 0.0703125
0 0.7203125 0.54765625 0.0625 0.09375
0 0.67890625 0.51171875 0.065625 0.1109375
0 0.60546875 0.5046875 0.071875 0.0734375
0 0.61953125 0.75703125 0.0359375 0.0453125
0 0.82578125 0.6078125 0.05625 0.0421875
0 0.62890625 0.96953125 0.0375 0.05