0 0.671875 0.4296875 0.1234375 0.1515625
0 0.63203125 0.55390625 0.1140625 0.1125
0 0.94921875 0.21171875 0.0953125 0.103125
0 0.76328125 0.075 0.0328125 0.0875
0 0.29453125 0.11171875 0.03125 0.159375
0 0.315625 0.128125 0.0578125 0.05
0 0.38515625 0.19921875 0.0328125 0.0421875
0 0.61171875 0.20390625 0.0578125 0.04375
0 0.7140625 0.1015625 0.0671875 0.0359375
0 0.78046875 0.38203125 0.065625 0.05625
0 0.82421875 0.41328125 0.0515625 0.09375
0 0.96171875 0.35390625 0.0703125 0.0953125
0 0.8734375 0.43125 0.0375 0.0703125
0 0.940625 0.48046875 0.08125 0.071875
0 0.8921875 0.52109375 0.0296875 0.075
0 0.98515625 0.465625 0.025 0.0421875
0 0.92265625 0.7921875 0.05 0.0765625
0 0.6984375 0.81484375 0.0546875 0.146875
0 0.77109375 0.71640625 0.0515625 0.121875
0 0.82890625 0.7375 0.0578125 0.0359375
0 0.7765625 0.8015625 0.046875 0.0203125
0 0.59375 0.7546875 0.0640625 0.05
0 0.5953125 0.77890625 0.03125 0.046875
0 0.53671875 0.71484375 0.0671875 0.0296875
0 0.41171875 0.296875 0.0109375 0.08125
0 0.57890625 0.334375 0.1015625 0.08125
0 0.55 0.4828125 0.0234375 0.1421875
0 0.49765625 0.446875 0.0453125 0.05
0 0.41171875 0.4390625 0.0171875 0.078125
0 0.3640625 0.471875 0.0546875 0.0453125
0 0.325 0.3953125 0.021875 0.090625
0 0.29453125 0.61796875 0.053125 0.0265625
0 0.15859375 0.16640625 0.015625 0.0796875
0 0.04765625 0.3515625 0.025 0.090625
0 0.18671875 0.3609375 0.040625 0.03125
0 0.20703125 0.32890625 0.01875 0.046875
0 0.171875 0.215625 0.0296875 0.0734375
0 0.26484375 0.44140625 0.04375 0.0359375
0 0.25390625 0.50625 0.0125 0.034375
0 0.253125 0.54296875 0.0390625 0.034375
0 0.6484375 0.6578125 0.0359375 0.028125
0 0.65546875 0.34140625 0.0359375 0.0484375
0 0.93203125 0.1515625 0.0515625 0.0609375
0 0.72578125 0.496875 0.04375 0.0859375
0 0.6765625 0.47109375 0.04375 0.103125
0 0.60390625 0.48046875 0.059375 0.0609375
0 0.67421875 0.7234375 0.028125 0.040625
0 0.84140625 0.53203125 0.05 0.03125
0 0.73125 0.928125 0.028125 0.0453125