0 0.94296875 0.31796875 0.1140625 0.096875
0 0.91328125 0.2578125 0.059375 0.0359375
0 0.6328125 0.0765625 0.0671875 0.090625
0 0.70859375 0.040625 0.065625 0.01875
0 0.7359375 0.2546875 0.059375 0.16875
0 0.6765625 0.11640625 0.065625 0.034375
0 0.54765625 0.14296875 0.0671875 0.1390625
0 0.58125 0.19921875 0.0546875 0.0359375
0 0.44609375 0.31953125 0.0578125 0.0890625
0 0.4203125 0.04609375 0.021875 0.03125
0 0.21015625 0.11328125 0.0546875 0.090625
0 0.18046875 0.05546875 0.0171875 0.046875
0 0.1515625 0.14453125 0.0359375 0.0515625
0 0.23984375 0.446875 0.0390625 0.03125
0 0.25859375 0.41875 0.0359375 0.08125
0 0.23671875 0.21171875 0.0484375 0.115625
0 0.390625 0.15703125 0.0078125 0.05625
0 0.33203125 0.2515625 0.0265625 0.0203125
0 0.35625 0.36640625 0.0140625 0.05
0 0.41015625 0.36875 0.0203125 0.0765625
0 0.66484375 0.49453125 0.0625 0.09375
0 0.75859375 0.49140625 0.0765625 0.0390625
0 0.7203125 0.47734375 0.0640625 0.03125
0 0.53828125 0.496875 0.065625 0.0578125
0 0.46015625 0.45859375 0.040625 0.0359375
0 0.28359375 0.48515625 0.046875 0.0453125
0 0.3390625 0.75859375 0.1125 0.0578125
0 0.48984375 0.728125 0.046875 0.175
0 0.3890625 0.69375 0.0328125 0.05
0 0.35546875 0.56171875 0.03125 0.071875
0 0.225 0.5640625 0.0453125 0.034375
0 0.5859375 0.546875 0.046875 0.046875
0 0.6140625 0.4640625 0.03125 0.040625
0 0.59609375 0.48671875 0.040625 0.0203125
0 0.81796875 0.53671875 0.0640625 0.025
0 0.9765625 0.4359375 0.0453125 0.0640625
0 0.96640625 0.525 0.0640625 0.034375
0 0.6078125 0.59375 0.025 0.1328125
0 0.8203125 0.62734375 0.0640625 0.0703125
0 0.94921875 0.56875 0.0890625 0.0703125
0 0.765625 0.7875 0.0546875 0.109375
0 0.9234375 0.728125 0.0703125 0.0359375
0 0.61953125 0.74765625 0.05625 0.040625
0 0.69609375 0.66640625 0.034375 0.0359375
0 0.6625 0.67421875 0.0234375 0.028125
0 0.43203125 0.79609375 0.0578125 0.0265625
0 0.57109375 0.81953125 0.040625 0.046875
0 0.5265625 0.778125 0.034375 0.0234375
0 0.73359375 0.9109375 0.0703125 0.0375
0 0.66953125 0.81875 0.0578125 0.0515625
0 0.6765625 0.7859375 0.0390625 0.0609375
0 0.75390625 0.73515625 0.0484375 0.06875
0 0.8015625 0.57109375 0.0453125 0.0234375
0 0.834375 0.7609375 0.0125 0.0625
0 0.75625 0.846875 0.0546875 0.0515625
0 0.909375 0.66875 0.0421875 0.03125