0 0.078125 0.27265625 0.1234375 0.1078125
0 0.1140625 0.215625 0.0625 0.0421875
0 0.4125 0.06484375 0.0765625 0.096875
0 0.340625 0.02109375 0.0671875 0.025
0 0.290625 0.23125 0.0765625 0.1734375
0 0.36484375 0.1 0.06875 0.040625
0 0.48984375 0.13984375 0.08125 0.1453125
0 0.45078125 0.1921875 0.0578125 0.0421875
0 0.57265625 0.32578125 0.0671875 0.0953125
0 0.6265625 0.05703125 0.025 0.0328125
0 0.82890625 0.1453125 0.0640625 0.0953125
0 0.8640625 0.09140625 0.021875 0.0484375
0 0.88359375 0.1828125 0.040625 0.0546875
0 0.7640625 0.47421875 0.0421875 0.0359375
0 0.7484375 0.44453125 0.04375 0.084375
0 0.7921875 0.240625 0.0609375 0.1203125
0 0.64453125 0.1703125 0.0140625 0.05625
0 0.69296875 0.2703125 0.028125 0.0234375
0 0.65703125 0.38203125 0.01875 0.0515625
0 0.603125 0.37890625 0.028125 0.078125
0 0.33671875 0.47734375 0.071875 0.1
0 0.24375 0.4640625 0.0796875 0.046875
0 0.28359375 0.4546875 0.0671875 0.0375
0 0.4625 0.49296875 0.071875 0.0640625
0 0.54375 0.46328125 0.04375 0.040625
0 0.71640625 0.5078125 0.0515625 0.05
0 0.6328125 0.77421875 0.1171875 0.06875
0 0.4859375 0.728125 0.065625 0.1796875
0 0.58984375 0.70390625 0.0375 0.053125
0 0.6375 0.5765625 0.0390625 0.075
0 0.7671875 0.5921875 0.0484375 0.0390625
0 0.409375 0.5375 0.0515625 0.0515625
0 0.390625 0.45234375 0.0359375 0.04375
0 0.40546875 0.4765625 0.0421875 0.025
0 0.1796875 0.503125 0.065625 0.03125
0 0.0328125 0.38671875 0.0515625 0.06875
0 0.03359375 0.47578125 0.0671875 0.040625
0 0.3828125 0.58203125 0.0390625 0.134375
0 0.16796875 0.59296875 0.0703125 0.0765625
0 0.046875 0.52109375 0.09375 0.0796875
0 0.20546875 0.7578125 0.065625 0.1140625
0 0.0546875 0.6828125 0.0734375 0.04375
0 0.35546875 0.73359375 0.0609375 0.046875
0 0.2875 0.6453125 0.0375 0.0390625
0 0.3203125 0.65625 0.0265625 0.0296875
0 0.53671875 0.8015625 0.0609375 0.0328125
0 0.39609375 0.81015625 0.0453125 0.0515625
0 0.44453125 0.7734375 0.0359375 0.0265625
0 0.225 0.884375 0.0734375 0.0453125
0 0.2984375 0.79921875 0.0625 0.0578125
0 0.29453125 0.765625 0.0453125 0.0640625
0 0.22265625 0.70703125 0.0546875 0.0734375
0 0.19296875 0.5390625 0.046875 0.028125
0 0.13984375 0.72421875 0.01875 0.0640625
0 0.20859375 0.81796875 0.059375 0.05625
0 0.075 0.625 0.0453125 0.0359375