0 0.04609375 0.43828125 0.0921875 0.1234375
0 0.03828125 0.37265625 0.0671875 0.05
0 0.2625 0.125 0.0890625 0.1046875
0 0.1796875 0.11015625 0.06875 0.034375
0 0.20859375 0.32421875 0.1015625 0.178125
0 0.23046875 0.175 0.071875 0.05
0 0.36171875 0.1671875 0.1015625 0.1515625
0 0.34375 0.23046875 0.0625 0.0484375
0 0.50546875 0.31171875 0.078125 0.1015625
0 0.459375 0.040625 0.0296875 0.0359375
0 0.6796875 0.0515625 0.0765625 0.1015625
0 0.69375 0.00625 0.028125 0.0125
0 0.74453125 0.06640625 0.0484375 0.059375
0 0.7375 0.38125 0.0453125 0.040625
0 0.7125 0.359375 0.05625 0.0875
0 0.6796875 0.153125 0.0765625 0.125
0 0.5171875 0.140625 0.021875 0.05625
0 0.59765625 0.21640625 0.03125 0.0265625
0 0.60390625 0.33359375 0.0265625 0.0515625
0 0.553125 0.35 0.0390625 0.0796875
0 0.3390625 0.5375 0.084375 0.10625
0 0.24765625 0.55859375 0.084375 0.0578125
0 0.28125 0.53515625 0.0703125 0.046875
0 0.4625 0.50703125 0.078125 0.0734375
0 0.528125 0.45 0.0484375 0.0453125
0 0.70546875 0.4296875 0.05625 0.05625
0 0.72265625 0.7078125 0.1234375 0.084375
0 0.56875 0.71796875 0.090625 0.18125
0 0.65703125 0.65859375 0.0453125 0.05625
0 0.65546875 0.521875 0.0484375 0.078125
0 0.78203125 0.490625 0.053125 0.0453125
0 0.42890625 0.5671875 0.0578125 0.0578125
0 0.38046875 0.49453125 0.040625 0.046875
0 0.40390625 0.51171875 0.04375 0.0296875
0 0.20234375 0.61796875 0.06875 0.040625
0 0.0265625 0.56171875 0.053125 0.0734375
0 0.05625 0.64453125 0.0703125 0.05
0 0.4203125 0.61875 0.0578125 0.134375
0 0.2234375 0.70625 0.0796875 0.084375
0 0.08359375 0.6828125 0.1046875 0.090625
0 0.31796875 0.84609375 0.08125 0.1203125
0 0.15 0.8296875 0.0765625 0.053125
0 0.4484375 0.7703125 0.065625 0.053125
0 0.35390625 0.71171875 0.0421875 0.04375
0 0.38828125 0.71015625 0.0296875 0.0328125
0 0.6421875 0.76875 0.0625 0.040625
0 0.5140625 0.82734375 0.0515625 0.05625
0 0.54609375 0.77578125 0.0390625 0.03125
0 0.38046875 0.95703125 0.078125 0.0546875
0 0.41875 0.8515625 0.06875 0.0640625
0 0.403125 0.821875 0.053125 0.06875
0 0.315625 0.79296875 0.0640625 0.0796875
0 0.22734375 0.646875 0.05 0.034375
0 0.24453125 0.83828125 0.028125 0.0640625
0 0.3421875 0.9015625 0.065625 0.0640625
0 0.1484375 0.76875 0.0484375 0.040625