0 0.8364978902953587 0.1712564543889845 0.07172995780590717 0.039586919104991396
0 0.6550632911392406 0.1566265060240964 0.08438818565400844 0.0378657487091222
0 0.4440928270042194 0.6721170395869192 0.8628691983122363 0.6557659208261618
0 0.510548523206751 0.09036144578313253 0.07172995780590717 0.05679862306368331
0 0.049578059071729956 0.6135972461273667 0.03375527426160337 0.05163511187607573
0 0.2679324894514768 0.15920826161790017 0.023206751054852322 0.03614457831325301
0 0.8966244725738397 0.5783132530120482 0.05485232067510549 0.03442340791738382
0 0.859704641350211 0.5843373493975904 0.03375527426160337 0.022375215146299483
0 0.9282700421940928 0.5860585197934596 0.04430379746835443 0.025817555938037865
0 0.9092827004219409 0.29259896729776247 0.03164556962025317 0.04475043029259897
0 0.929324894514768 0.2977624784853701 0.02531645569620253 0.029259896729776247