0 0.0981012658227848 0.22375215146299485 0.06540084388185655 0.03098106712564544
0 0.2742616033755274 0.18416523235800344 0.08016877637130802 0.027538726333907058
0 0.5970464135021097 0.6901893287435457 0.7426160337552743 0.6161790017211703
0 0.4029535864978903 0.0981067125645439 0.06329113924050633 0.04819277108433735
0 0.9672995780590717 0.5481927710843374 0.023206751054852322 0.04991394148020654
0 0.6560759493670887 0.131118760757315 0.016033755274261652 0.03406196213425128
0 0.1258860759493671 0.6332702237521515 0.05075949367088608 0.02688468158347677
0 0.16369198312236288 0.6340619621342513 0.029345991561181426 0.018278829604130818
0 0.09618143459915612 0.6456970740103269 0.03989451476793248 0.02117039586919097
0 0.053164556962025315 0.35388984509466437 0.02267932489451477 0.04182444061962136
0 0.034556962025316454 0.36160068846815835 0.01985232067510549 0.027418244406196224