0 0.9451476793248945 0.2719449225473322 0.06962025316455696 0.0378657487091222
0 0.7774261603375527 0.21256454388984508 0.08438818565400844 0.03614457831325301
0 0.39556962025316456 0.6643717728055077 0.7911392405063291 0.6712564543889845
0 0.6645569620253164 0.11273666092943202 0.07172995780590717 0.055077452667814115
0 0.029535864978902954 0.49483648881239245 0.03164556962025317 0.05163511187607573
0 0.40822784810126583 0.11703958691910499 0.02109704641350211 0.03614457831325301
0 0.8481012658227848 0.6746987951807228 0.05485232067510549 0.03270223752151463
0 0.810126582278481 0.6712564543889845 0.03164556962025317 0.020654044750430294
0 0.8755274261603375 0.6901893287435457 0.04219409282700422 0.025817555938037865
0 0.9672995780590717 0.40619621342512907 0.029535864978902954 0.04475043029259897
0 0.9841772151898734 0.41566265060240964 0.02531645569620253 0.029259896729776247