0 0.4125 0.55546875 0.046875 0.0359375
0 0.503125 0.59140625 0.0296875 0.0609375
0 0.53828125 0.66640625 0.03125 0.040625
0 0.58359375 0.7015625 0.0484375 0.04375
0 0.1234375 0.51171875 0.0171875 0.0609375
0 0.221875 0.6015625 0.0328125 0.0578125
0 0.3390625 0.65 0.0390625 0.065625
0 0.35 0.6234375 0.0171875 0.034375
0 0.38828125 0.59921875 0.015625 0.046875
0 0.40234375 0.65234375 0.0328125 0.025
0 0.43046875 0.69375 0.021875 0.025
0 0.322359375 0.5427187499999999 0.046015624999999984 0.06799999999999998
0 0.4536875 0.62703125 0.05532812499999995 0.06957812499999996
0 0.37907812500000004 0.691578125 0.039359374999999995 0.08232812500000009
0 0.20540625 0.50575 0.05129687499999998 0.08185937499999998
0 0.21359374999999997 0.5217031249999999 0.06496874999999998 0.06162500000000008