0 0.40625 0.54453125 0.0515625 0.040625
0 0.4921875 0.59140625 0.0375 0.0640625
0 0.51796875 0.66953125 0.0359375 0.04375
0 0.55859375 0.71015625 0.053125 0.05
0 0.125 0.465625 0.025 0.0625
0 0.21171875 0.5671875 0.0390625 0.0609375
0 0.321875 0.62890625 0.046875 0.0703125
0 0.3359375 0.60390625 0.021875 0.0359375
0 0.37734375 0.58515625 0.021875 0.0484375
0 0.384375 0.6390625 0.0359375 0.028125
0 0.40703125 0.68359375 0.025 0.028125
0 0.31875 0.52109375 0.0546875 0.0734375
0 0.43828125 0.6203125 0.0640625 0.0765625
0 0.35625 0.67578125 0.0484375 0.0859375
0 0.20703125 0.46953125 0.0609375 0.0875
0 0.21328125 0.48671875 0.071875 0.06875