0 0.5703125 0.5765625 0.0546875 0.046875
0 0.4734375 0.5875 0.04375 0.0671875
0 0.4203125 0.65078125 0.040625 0.046875
0 0.3671875 0.6734375 0.0578125 0.0546875
0 0.8609375 0.60859375 0.0328125 0.0640625
0 0.7421875 0.6703125 0.046875 0.0640625
0 0.61640625 0.68671875 0.0546875 0.0734375
0 0.61328125 0.6578125 0.025 0.0375
0 0.58203125 0.625 0.0265625 0.05
0 0.5546875 0.67265625 0.0375 0.0328125
0 0.5171875 0.70546875 0.028125 0.0296875
0 0.66015625 0.5875 0.0625 0.078125
0 0.51171875 0.634375 0.071875 0.08125
0 0.5671875 0.71640625 0.059375 0.0890625
0 0.7828125 0.58203125 0.0703125 0.0921875
0 0.77109375 0.5953125 0.078125 0.0765625