0 0.87109375 0.57265625 0.03125 0.046875
0 0.81875 0.52109375 0.0609375 0.075
0 0.77421875 0.63046875 0.0578125 0.0578125
0 0.64375 0.66171875 0.05 0.0625
0 0.63671875 0.6375 0.028125 0.028125
0 0.6 0.68046875 0.053125 0.0796875
0 0.58046875 0.67734375 0.0328125 0.034375
0 0.58828125 0.62265625 0.0171875 0.0296875
0 0.60625 0.58125 0.0609375 0.0484375
0 0.4828125 0.57734375 0.040625 0.0640625
0 0.44921875 0.63671875 0.0296875 0.0421875
0 0.3953125 0.6765625 0.0375 0.0390625
0 0.53671875 0.70546875 0.021875 0.01875
0 0.54296875 0.6140625 0.0640625 0.075
0 0.68359375 0.55546875 0.075 0.0890625
0 0.80078125 0.56171875 0.0765625 0.075
0 0.42890625 0.75546875 0.0421875 0.0609375