0 0.121875 0.50078125 0.0234375 0.04375
0 0.1828125 0.46015625 0.0484375 0.0671875
0 0.20625 0.57578125 0.0484375 0.05
0 0.328125 0.63125 0.040625 0.05625
0 0.33984375 0.60859375 0.0234375 0.0234375
0 0.3671875 0.6578125 0.040625 0.0734375
0 0.3875 0.65859375 0.028125 0.0296875
0 0.38984375 0.60390625 0.0125 0.028125
0 0.38046875 0.559375 0.0546875 0.0390625
0 0.50234375 0.57890625 0.0296875 0.059375
0 0.5234375 0.64375 0.0234375 0.0390625
0 0.56875 0.69296875 0.03125 0.034375
0 0.425 0.69453125 0.01875 0.015625
0 0.43579687500000003 0.60340625 0.05285937500000006 0.06584374999999998
0 0.309046875 0.5191874999999999 0.06185937499999996 0.07865625000000005
0 0.19332812500000002 0.503046875 0.06546875 0.06373437499999994
0 0.520953125 0.7645 0.03249999999999993 0.055578125000000075