0 0.121875 0.5140625 0.025 0.0453125
0 0.18125 0.47109375 0.05 0.06875
0 0.209375 0.5859375 0.05 0.0515625
0 0.3328125 0.6375 0.0421875 0.0578125
0 0.34375 0.6140625 0.025 0.025
0 0.37265625 0.6625 0.04375 0.075
0 0.39296875 0.6625 0.0296875 0.03125
0 0.39375 0.6078125 0.0140625 0.028125
0 0.3828125 0.56328125 0.05625 0.040625
0 0.50546875 0.57890625 0.03125 0.0609375
0 0.528125 0.64296875 0.025 0.040625
0 0.57578125 0.690625 0.0328125 0.0359375
0 0.43203125 0.696875 0.01875 0.015625
0 0.4390625 0.60546875 0.0546875 0.0671875
0 0.31015625 0.52578125 0.0640625 0.08125
0 0.19375 0.5140625 0.0671875 0.065625
0 0.53046875 0.76328125 0.034375 0.05625