0 0.0890625 0.4734375 0.0703125 0.0390625
0 0.13828125 0.38359375 0.053125 0.078125
0 0.1546875 0.4609375 0.0453125 0.05
0 0.24296875 0.44609375 0.05625 0.059375
0 0.1546875 0.5328125 0.0515625 0.0265625
0 0.246875 0.60703125 0.08125 0.059375
0 0.2953125 0.57109375 0.0421875 0.0390625
0 0.3140625 0.5453125 0.0296875 0.05625
0 0.4828125 0.5375 0.0328125 0.05
0 0.49453125 0.59453125 0.0265625 0.04375
0 0.47890625 0.69296875 0.0515625 0.075
0 0.54609375 0.65390625 0.0125 0.0578125
0 0.38359375 0.7203125 0.0359375 0.034375
0 0.4078125 0.70625 0.015625 0.021875
0 0.3921875 0.646875 0.0078125 0.0203125
0 0.33359375 0.65703125 0.034375 0.0390625
0 0.36015625 0.665625 0.015625 0.034375
0 0.28046875 0.63828125 0.03125 0.034375
0 0.403484375 0.547625 0.052843750000000037 0.06596875000000005
0 0.367515625 0.56365625 0.03845312500000002 0.06265625000000004
0 0.627421875 0.64453125 0.045609375000000084 0.03874999999999993