0 0.9046875 0.4234375 0.075 0.046875
0 0.84453125 0.340625 0.0625 0.084375
0 0.83828125 0.41953125 0.0515625 0.0546875
0 0.7484375 0.41484375 0.0625 0.065625
0 0.846875 0.490625 0.0546875 0.0328125
0 0.7640625 0.575 0.0875 0.06875
0 0.71171875 0.5453125 0.046875 0.04375
0 0.68984375 0.52265625 0.0359375 0.059375
0 0.521875 0.53515625 0.0390625 0.053125
0 0.5171875 0.59296875 0.03125 0.046875
0 0.54453125 0.6890625 0.0609375 0.08125
0 0.47265625 0.65859375 0.01875 0.059375
0 0.6421875 0.7046875 0.040625 0.0390625
0 0.61640625 0.69375 0.01875 0.0234375
0 0.625 0.6328125 0.0109375 0.021875
0 0.684375 0.6359375 0.0390625 0.0421875
0 0.659375 0.64765625 0.0203125 0.0359375
0 0.734375 0.61015625 0.0359375 0.0375
0 0.6015625 0.53515625 0.0609375 0.071875
0 0.6390625 0.546875 0.0453125 0.0671875
0 0.39140625 0.65859375 0.05 0.04375