0 0.09375 0.56640625 0.0765625 0.053125
0 0.12109375 0.46796875 0.06875 0.0875
0 0.1546875 0.53984375 0.0546875 0.059375
0 0.2375 0.50546875 0.06875 0.0703125
0 0.17109375 0.609375 0.05625 0.0375
0 0.27734375 0.6609375 0.0921875 0.0765625
0 0.31640625 0.615625 0.05 0.046875
0 0.32890625 0.5859375 0.0421875 0.0609375
0 0.49140625 0.540625 0.04375 0.05625
0 0.515625 0.59296875 0.0359375 0.0484375
0 0.52265625 0.69296875 0.0671875 0.084375
0 0.5796875 0.63984375 0.025 0.059375
0 0.4359375 0.740625 0.0421875 0.0421875
0 0.45625 0.721875 0.0203125 0.025
0 0.428125 0.6671875 0.0125 0.021875
0 0.3734375 0.690625 0.0421875 0.0453125
0 0.40078125 0.69296875 0.0234375 0.0375
0 0.3171875 0.684375 0.0375 0.040625
0 0.41640625 0.56796875 0.065625 0.0765625
0 0.38515625 0.5921875 0.0515625 0.0703125
0 0.65703125 0.6125 0.053125 0.0484375