0 0.35078125 0.48671875 0.0546875 0.0765625
0 0.33828125 0.5171875 0.05 0.0609375
0 0.2828125 0.503125 0.04375 0.0640625
0 0.215625 0.590625 0.071875 0.0390625
0 0.059375 0.378125 0.0625 0.0796875
0 0.0875 0.5953125 0.08125 0.0640625
0 0.06875 0.6296875 0.046875 0.053125
0 0.028125 0.51953125 0.05625 0.0828125
0 0.3125 0.65390625 0.040625 0.0484375
0 0.303125 0.61171875 0.0296875 0.0375
0 0.296875 0.56484375 0.034375 0.0640625
0 0.371875 0.646875 0.0328125 0.0546875
0 0.43046875 0.7046875 0.021875 0.03125
0 0.40078125 0.6296875 0.01875 0.0375
0 0.4015625 0.66328125 0.01875 0.03125
0 0.2546875 0.61953125 0.034375 0.040625
0 0.28125 0.65078125 0.025 0.04375
0 0.1671875 0.45546875 0.0859375 0.0796875
0 0.13359375 0.48359375 0.0671875 0.1125
0 0.4375 0.61171875 0.090625 0.1078125
0 0.45625 0.48359375 0.0359375 0.05625
0 0.4859375 0.528125 0.0390625 0.0578125
0 0.55859375 0.5640625 0.025 0.0765625
0 0.59453125 0.60234375 0.0640625 0.075