0 0.35078125 0.484375 0.0546875 0.0765625
0 0.3375 0.51484375 0.0484375 0.0609375
0 0.2828125 0.5 0.04375 0.0640625
0 0.2140625 0.5859375 0.071875 0.0390625
0 0.06171875 0.3703125 0.0625 0.0796875
0 0.0859375 0.5875 0.08125 0.0625
0 0.06640625 0.62265625 0.0453125 0.053125
0 0.028125 0.51171875 0.05625 0.0828125
0 0.31015625 0.65 0.0390625 0.0484375
0 0.3015625 0.60859375 0.028125 0.0375
0 0.2953125 0.56171875 0.0328125 0.0640625
0 0.36953125 0.64453125 0.03125 0.0546875
0 0.42734375 0.70390625 0.021875 0.0296875
0 0.3984375 0.62734375 0.0171875 0.0375
0 0.39921875 0.66171875 0.01875 0.03125
0 0.25234375 0.61484375 0.0328125 0.040625
0 0.27890625 0.64765625 0.025 0.04375
0 0.16796875 0.44921875 0.0859375 0.078125
0 0.13359375 0.4765625 0.065625 0.1109375
0 0.43515625 0.6109375 0.0890625 0.10625
0 0.45625 0.4828125 0.034375 0.05625
0 0.48515625 0.528125 0.0390625 0.05625
0 0.5578125 0.56484375 0.025 0.0765625
0 0.5921875 0.60390625 0.0625 0.0734375