0 0.35546875 0.4609375 0.04375 0.0703125
0 0.3375 0.4890625 0.040625 0.0546875
0 0.28515625 0.465625 0.034375 0.059375
0 0.20390625 0.53984375 0.06875 0.028125
0 0.0875 0.303125 0.0515625 0.071875
0 0.07734375 0.521875 0.0734375 0.0515625
0 0.05234375 0.553125 0.0390625 0.046875
0 0.02734375 0.43671875 0.0546875 0.075
0 0.2890625 0.61875 0.0328125 0.04375
0 0.28671875 0.57578125 0.0234375 0.034375
0 0.28828125 0.52890625 0.0234375 0.0609375
0 0.3484375 0.62265625 0.0234375 0.0515625
0 0.39609375 0.68984375 0.0171875 0.028125
0 0.3796875 0.61015625 0.0125 0.0359375
0 0.375 0.64375 0.0140625 0.0296875
0 0.2375 0.575 0.028125 0.0359375
0 0.25859375 0.6109375 0.01875 0.040625
0 0.179953125 0.398171875 0.07554687499999999 0.06785937500000001
0 0.14175 0.41987500000000005 0.04914062499999998 0.10503125000000005
0 0.41896875 0.599421875 0.07542187499999997 0.09604687500000005
0 0.45932812500000003 0.47651562500000005 0.027218749999999937 0.052718750000000016
0 0.480953125 0.52528125 0.030421875000000043 0.052734375
0 0.5469375000000001 0.57315625 0.012671875000000022 0.07629687500000007
0 0.57503125 0.6168437499999999 0.05301562499999992 0.06639062500000001