0 0.13125 0.36328125 0.06875 0.1
0 0.0890625 0.25859375 0.0640625 0.08125
0 0.14375 0.5234375 0.08125 0.040625
0 0.034375 0.46328125 0.06875 0.0703125
0 0.0359375 0.5 0.0546875 0.0390625
0 0.02109375 0.396875 0.0296875 0.0375
0 0.34296875 0.41328125 0.0359375 0.0765625
0 0.44921875 0.43984375 0.0328125 0.059375
0 0.2765625 0.41484375 0.0375 0.0625
0 0.3203125 0.44140625 0.0375 0.0625
0 0.20625 0.50546875 0.046875 0.059375
0 0.265625 0.571875 0.04375 0.053125
0 0.271875 0.48359375 0.034375 0.05625
0 0.284375 0.4765625 0.0234375 0.06875
0 0.23828125 0.56953125 0.025 0.0453125
0 0.33515625 0.58828125 0.028125 0.053125
0 0.29921875 0.62421875 0.0171875 0.053125
0 0.38046875 0.6453125 0.015625 0.0453125
0 0.42421875 0.696875 0.0296875 0.0578125
0 0.4703125 0.71484375 0.01875 0.0453125
0 0.3578125 0.609375 0.015625 0.0296875
0 0.36484375 0.57734375 0.0140625 0.0328125
0 0.5421875 0.5921875 0.0671875 0.0765625
0 0.5453125 0.52890625 0.0171875 0.0671875
0 0.47109375 0.49140625 0.0328125 0.0421875
0 0.378125 0.54140625 0.084375 0.0921875