0 0.10546875 0.35546875 0.08125 0.1234375
0 0.05078125 0.24375 0.03125 0.075
0 0.01640625 0.47578125 0.0328125 0.0703125
0 0.015625 0.52734375 0.03125 0.034375
0 0.17890625 0.48828125 0.046875 0.0640625
0 0.25390625 0.39296875 0.034375 0.0609375
0 0.32578125 0.37734375 0.0375 0.075
0 0.2515625 0.4515625 0.0328125 0.0625
0 0.27734375 0.45703125 0.025 0.0453125
0 0.253125 0.51796875 0.0234375 0.05625
0 0.2515625 0.55703125 0.046875 0.03125
0 0.26484375 0.64453125 0.0265625 0.05625
0 0.22578125 0.56796875 0.01875 0.0546875
0 0.2578125 0.60703125 0.015625 0.01875
0 0.3078125 0.60703125 0.028125 0.0546875
0 0.33203125 0.56796875 0.021875 0.04375
0 0.36015625 0.60234375 0.01875 0.0390625
0 0.3640625 0.56484375 0.0125 0.040625
0 0.3890625 0.6203125 0.0203125 0.05
0 0.43125 0.66953125 0.0421875 0.084375
0 0.45859375 0.6859375 0.0203125 0.028125
0 0.48125 0.6859375 0.0203125 0.0484375
0 0.5390625 0.7 0.0171875 0.0484375
0 0.52734375 0.54453125 0.0546875 0.096875
0 0.453125 0.4609375 0.0359375 0.05
0 0.5421875 0.48671875 0.0359375 0.0765625
0 0.3405625 0.5098125 0.084953125 0.07240625000000005
0 0.43423437500000006 0.4140625 0.030984375000000064 0.07776562499999998
0 0.2956875 0.42334375 0.041359375000000045 0.08696874999999996
0 0.07768749999999999 0.5599062499999999 0.10225 0.04446875000000006
0 0.406546875 0.69621875 0.04746874999999999 0.06082812499999992