0 0.896875 0.3625 0.0828125 0.125
0 0.95390625 0.2515625 0.0328125 0.075
0 0.9828125 0.48359375 0.034375 0.0703125
0 0.98359375 0.5359375 0.03125 0.034375
0 0.82109375 0.49375 0.0484375 0.065625
0 0.74765625 0.39765625 0.0359375 0.0609375
0 0.6765625 0.38046875 0.0390625 0.075
0 0.74921875 0.45625 0.034375 0.0625
0 0.7234375 0.4609375 0.0265625 0.0453125
0 0.746875 0.52265625 0.025 0.05625
0 0.74765625 0.56171875 0.046875 0.0328125
0 0.7328125 0.6484375 0.028125 0.05625
0 0.77265625 0.57265625 0.0203125 0.0546875
0 0.740625 0.6109375 0.015625 0.01875
0 0.690625 0.61015625 0.0296875 0.0546875
0 0.66640625 0.57109375 0.021875 0.04375
0 0.63828125 0.6046875 0.01875 0.0390625
0 0.63515625 0.5671875 0.0125 0.040625
0 0.60859375 0.621875 0.021875 0.05
0 0.565625 0.67109375 0.04375 0.084375
0 0.53828125 0.68671875 0.0203125 0.028125
0 0.515625 0.6859375 0.021875 0.0484375
0 0.4578125 0.69921875 0.01875 0.0484375
0 0.471875 0.54375 0.05625 0.0984375
0 0.54765625 0.46171875 0.0375 0.05
0 0.4578125 0.4859375 0.0375 0.0765625
0 0.659375 0.5125 0.0859375 0.0734375
0 0.5671875 0.41484375 0.0328125 0.078125
0 0.70546875 0.4265625 0.0421875 0.0875
0 0.92109375 0.5671875 0.103125 0.046875
0 0.58984375 0.69765625 0.0484375 0.0609375