0 0.859375 0.2828125 0.103125 0.1359375
0 0.8921875 0.1625 0.0453125 0.0796875
0 0.9703125 0.38359375 0.0453125 0.075
0 0.98046875 0.434375 0.0375 0.0390625
0 0.81328125 0.42734375 0.0578125 0.071875
0 0.72109375 0.34765625 0.0453125 0.065625
0 0.64765625 0.34609375 0.0515625 0.08125
0 0.734375 0.4046875 0.04375 0.0671875
0 0.71015625 0.415625 0.0328125 0.05
0 0.74609375 0.4703125 0.034375 0.059375
0 0.7546875 0.50859375 0.0515625 0.0390625
0 0.75859375 0.596875 0.0375 0.0609375
0 0.78203125 0.5140625 0.028125 0.0578125
0 0.7578125 0.55859375 0.01875 0.021875
0 0.709375 0.56875 0.0375 0.059375
0 0.678125 0.534375 0.0296875 0.046875
0 0.65703125 0.5734375 0.0265625 0.0421875
0 0.64609375 0.5375 0.0203125 0.0421875
0 0.63203125 0.596875 0.0296875 0.053125
0 0.6 0.653125 0.0578125 0.090625
0 0.57578125 0.675 0.025 0.03125
0 0.55390625 0.67890625 0.0296875 0.0515625
0 0.5 0.70390625 0.0265625 0.0515625
0 0.48203125 0.54921875 0.071875 0.10625
0 0.53828125 0.45234375 0.0453125 0.05625
0 0.45625 0.4953125 0.05 0.08125
0 0.65859375 0.47890625 0.096875 0.0875
0 0.5484375 0.403125 0.0453125 0.0828125
0 0.6859375 0.3859375 0.0578125 0.09375
0 0.92578125 0.478125 0.109375 0.0625
0 0.62890625 0.675 0.0578125 0.06875