0 0.9671875 0.4421875 0.065625 0.05625
0 0.81953125 0.37578125 0.0734375 0.0828125
0 0.75078125 0.425 0.04375 0.06875
0 0.73359375 0.34296875 0.046875 0.0765625
0 0.71640625 0.28828125 0.040625 0.06875
0 0.64375 0.29375 0.0515625 0.09375
0 0.54296875 0.35234375 0.0421875 0.0890625
0 0.540625 0.41328125 0.0375 0.06875
0 0.503125 0.67421875 0.0265625 0.053125
0 0.559375 0.63515625 0.0375 0.075
0 0.6359375 0.5515625 0.028125 0.05625
0 0.64453125 0.49453125 0.0171875 0.0390625
0 0.6796875 0.49375 0.0265625 0.071875
0 0.7109375 0.5234375 0.0484375 0.0890625
0 0.7703125 0.54140625 0.0375 0.0546875
0 0.66484375 0.53203125 0.028125 0.0390625
0 0.65703125 0.5953125 0.01875 0.03125
0 0.72734375 0.590625 0.0265625 0.0328125
0 0.60234375 0.6453125 0.0375 0.028125
0 0.8671875 0.21484375 0.1328125 0.165625
0 0.8703125 0.09453125 0.0578125 0.115625
0 0.696875 0.4140625 0.0953125 0.1203125
0 0.49921875 0.496875 0.0609375 0.1109375
0 0.4625 0.45703125 0.0578125 0.0984375
0 0.78203125 0.47109375 0.065625 0.0484375
0 0.6578125 0.64765625 0.0796875 0.0734375
0 0.61640625 0.5984375 0.0515625 0.084375
0 0.68359375 0.328125 0.0578125 0.1078125