0 0.03046875 0.55859375 0.0609375 0.0421875
0 0.16015625 0.45703125 0.0578125 0.0703125
0 0.23828125 0.48828125 0.0296875 0.0640625
0 0.23515625 0.40390625 0.03125 0.0703125
0 0.2390625 0.346875 0.0265625 0.0640625
0 0.31015625 0.334375 0.03125 0.0890625
0 0.42265625 0.3671875 0.021875 0.0859375
0 0.43984375 0.42578125 0.021875 0.065625
0 0.5390625 0.66953125 0.0140625 0.0515625
0 0.475 0.6453125 0.0203125 0.071875
0 0.38046875 0.5828125 0.015625 0.0546875
0 0.35859375 0.5296875 0.0078125 0.0390625
0 0.32421875 0.5375 0.009375 0.071875
0 0.30078125 0.57421875 0.0296875 0.084375
0 0.24765625 0.60546875 0.0265625 0.05
0 0.34765625 0.57109375 0.0203125 0.0359375
0 0.3703125 0.63046875 0.0125 0.0296875
0 0.3015625 0.64296875 0.0203125 0.028125
0 0.4359375 0.665625 0.0328125 0.0203125
0 0.07453125000000001 0.312015625 0.10074999999999998 0.14514062499999997
0 0.0426875 0.19623437500000002 0.031703125000000006 0.11118750000000002
0 0.28825 0.4645625 0.07153125000000005 0.10553124999999994
0 0.50009375 0.496578125 0.036328125 0.10590624999999995
0 0.5264375 0.4494375 0.036328125 0.09284374999999993
0 0.219390625 0.540015625 0.05895312500000001 0.03467187500000009
0 0.3824375 0.6818906250000001 0.06667187499999998 0.05935937500000001
0 0.41079687500000006 0.6234531249999999 0.03337500000000002 0.07862500000000008
0 0.2805625 0.377828125 0.03420312499999998 0.1033125