0 0.04296875 0.6234375 0.065625 0.05
0 0.1578125 0.5046875 0.0671875 0.078125
0 0.2390625 0.525 0.0390625 0.0671875
0 0.22421875 0.44140625 0.040625 0.0734375
0 0.2203125 0.384375 0.0359375 0.0671875
0 0.2890625 0.3625 0.04375 0.0921875
0 0.4046875 0.37890625 0.034375 0.0875
0 0.43046875 0.43515625 0.03125 0.06875
0 0.5625 0.6625 0.021875 0.053125
0 0.4953125 0.64765625 0.0296875 0.0734375
0 0.39296875 0.5984375 0.0234375 0.05625
0 0.3640625 0.54921875 0.0125 0.0390625
0 0.33125 0.56171875 0.01875 0.071875
0 0.31328125 0.6015625 0.040625 0.0875
0 0.26484375 0.63984375 0.0328125 0.053125
0 0.359375 0.59140625 0.025 0.0390625
0 0.38984375 0.646875 0.0171875 0.03125
0 0.3234375 0.66953125 0.0234375 0.03125
0 0.459375 0.67265625 0.0359375 0.025
0 0.05625 0.37265625 0.1125 0.1578125
0 0.0140625 0.26171875 0.028125 0.1140625
0 0.28515625 0.49453125 0.0859375 0.1140625
0 0.5 0.496875 0.05 0.109375
0 0.51953125 0.44609375 0.0484375 0.096875
0 0.22734375 0.57890625 0.0625 0.0421875
0 0.40859375 0.69609375 0.075 0.06875
0 0.42890625 0.634375 0.04375 0.0828125
0 0.265625 0.409375 0.0484375 0.1078125