0 0.07421875 0.2125 0.1046875 0.1546875
0 0.06171875 0.0734375 0.0484375 0.146875
0 0.13671875 0.38125 0.0640625 0.08125
0 0.0625 0.56328125 0.040625 0.053125
0 0.18828125 0.45390625 0.040625 0.05
0 0.228125 0.42421875 0.04375 0.06875
0 0.27890625 0.49609375 0.0609375 0.090625
0 0.22265625 0.55 0.0359375 0.0421875
0 0.19375 0.58828125 0.05 0.059375
0 0.27734375 0.60546875 0.025 0.0453125
0 0.3296875 0.64453125 0.071875 0.0609375
0 0.2328125 0.29921875 0.0328125 0.0671875
0 0.25 0.2765625 0.04375 0.078125
0 0.31796875 0.2578125 0.0390625 0.0875
0 0.42578125 0.29453125 0.028125 0.0984375
0 0.44140625 0.3796875 0.0375 0.06875
0 0.453125 0.59609375 0.0296875 0.071875
0 0.52265625 0.64765625 0.0234375 0.075
0 0.384375 0.5578125 0.03125 0.08125
0 0.365625 0.534375 0.021875 0.0609375
0 0.35390625 0.48125 0.01875 0.0515625
0 0.32421875 0.478125 0.0203125 0.065625
0 0.33671875 0.5375 0.0203125 0.053125
0 0.35859375 0.60078125 0.009375 0.021875
0 0.3984375 0.65234375 0.040625 0.015625
0 0.390625 0.63671875 0.0296875 0.0234375
0 0.4125 0.69296875 0.0375 0.0578125
0 0.23515625 0.36875 0.0984375 0.1265625
0 0.26796875 0.3703125 0.025 0.0671875
0 0.484375 0.43359375 0.0515625 0.1265625
0 0.51875 0.4 0.053125 0.0953125
0 0.175 0.48359375 0.08125 0.0453125