0 0.046875 0.25859375 0.090625 0.1453125
0 0.01953125 0.11953125 0.0328125 0.15
0 0.1265625 0.41953125 0.05625 0.0765625
0 0.071875 0.60859375 0.0359375 0.05
0 0.18515625 0.48671875 0.0359375 0.046875
0 0.221875 0.453125 0.0375 0.065625
0 0.2796875 0.51953125 0.0515625 0.0859375
0 0.2296875 0.57890625 0.0328125 0.0390625
0 0.2046875 0.61953125 0.0453125 0.0546875
0 0.28984375 0.628125 0.0203125 0.04375
0 0.34609375 0.66171875 0.0671875 0.0546875
0 0.21328125 0.328125 0.0265625 0.0640625
0 0.228125 0.30390625 0.0359375 0.075
0 0.29375 0.278125 0.0296875 0.084375
0 0.4046875 0.303125 0.01875 0.096875
0 0.42890625 0.38671875 0.03125 0.065625
0 0.46328125 0.60078125 0.021875 0.0703125
0 0.53828125 0.64453125 0.015625 0.0734375
0 0.39140625 0.56953125 0.0234375 0.0796875
0 0.3703125 0.5484375 0.015625 0.059375
0 0.353125 0.496875 0.0140625 0.05
0 0.32265625 0.496875 0.0140625 0.0640625
0 0.34140625 0.5546875 0.015625 0.0515625
0 0.36953125 0.61484375 0.0078125 0.021875
0 0.41484375 0.6625 0.0390625 0.0109375
0 0.40546875 0.64765625 0.028125 0.0203125
0 0.4328125 0.70078125 0.03125 0.0546875
0 0.223015625 0.39678125 0.08665624999999999 0.11787499999999995
0 0.25592187499999997 0.395296875 0.01807812499999999 0.06524999999999999
0 0.47739062499999996 0.43550000000000005 0.03915624999999991 0.12378125000000004
0 0.5081249999999999 0.398953125 0.04435937499999998 0.09129687500000001
0 0.17475000000000002 0.5174531250000001 0.07762500000000001 0.037687500000000006