0 0.1015625 0.1765625 0.1171875 0.159375
0 0.10078125 0.05546875 0.0609375 0.1109375
0 0.1484375 0.35 0.0703125 0.0859375
0 0.059375 0.525 0.0453125 0.05625
0 0.19375 0.4265625 0.04375 0.053125
0 0.2359375 0.40078125 0.05 0.071875
0 0.2796875 0.47734375 0.0671875 0.09375
0 0.21953125 0.52578125 0.0390625 0.0453125
0 0.1875 0.5609375 0.0546875 0.0625
0 0.26953125 0.5859375 0.028125 0.046875
0 0.31796875 0.6296875 0.0765625 0.0671875
0 0.2515625 0.2765625 0.0390625 0.0671875
0 0.2703125 0.25546875 0.05 0.08125
0 0.33984375 0.24296875 0.0453125 0.0890625
0 0.44375 0.28828125 0.0375 0.0984375
0 0.4515625 0.375 0.04375 0.0703125
0 0.44453125 0.5921875 0.034375 0.0734375
0 0.51015625 0.64921875 0.0296875 0.075
0 0.38046875 0.54765625 0.0375 0.0828125
0 0.36328125 0.52265625 0.0265625 0.0609375
0 0.35625 0.46875 0.0234375 0.0515625
0 0.3265625 0.46328125 0.0265625 0.065625
0 0.33359375 0.5234375 0.025 0.053125
0 0.35 0.5875 0.0125 0.0234375
0 0.38515625 0.64296875 0.040625 0.01875
0 0.37890625 0.6265625 0.03125 0.025
0 0.39609375 0.684375 0.040625 0.059375
0 0.24765625 0.34609375 0.1078125 0.1328125
0 0.28046875 0.35078125 0.0296875 0.0671875
0 0.48984375 0.43203125 0.0625 0.1296875
0 0.52734375 0.40234375 0.0609375 0.0984375
0 0.17734375 0.4546875 0.0828125 0.0515625