0 0.91875 0.28046875 0.078125 0.1171875
0 0.94921875 0.43125 0.090625 0.0703125
0 0.82890625 0.5046875 0.0546875 0.04375
0 0.86328125 0.5109375 0.0296875 0.05
0 0.84921875 0.37734375 0.04375 0.0578125
0 0.79453125 0.3546875 0.04375 0.0671875
0 0.7609375 0.3875 0.065625 0.115625
0 0.7484375 0.29921875 0.04375 0.0671875
0 0.79765625 0.1921875 0.053125 0.1171875
0 0.7765625 0.1921875 0.053125 0.090625
0 0.68515625 0.12578125 0.046875 0.1390625
0 0.5875 0.128125 0.0484375 0.1203125
0 0.57421875 0.3046875 0.03125 0.071875
0 0.67265625 0.3703125 0.0328125 0.0890625
0 0.6796875 0.46953125 0.021875 0.046875
0 0.63515625 0.45546875 0.05 0.0984375
0 0.56015625 0.51484375 0.034375 0.090625
0 0.47421875 0.57421875 0.0265625 0.06875
0 0.5265625 0.68984375 0.0421875 0.0953125
0 0.61953125 0.61328125 0.0453125 0.0546875
0 0.56484375 0.653125 0.040625 0.0859375
0 0.584375 0.69296875 0.0265625 0.0609375
0 0.603125 0.671875 0.0265625 0.0515625
0 0.6375 0.65859375 0.0390625 0.0234375
0 0.6484375 0.56171875 0.0265625 0.0453125
0 0.73671875 0.5625 0.03125 0.0390625
0 0.98046875 0.51171875 0.0390625 0.0546875
0 0.79453125 0.490625 0.01875 0.0515625
0 0.84140625 0.54609375 0.0375 0.0484375
0 0.721875 0.60859375 0.059375 0.0453125
0 0.5515625 0.26328125 0.0921875 0.1890625
0 0.51015625 0.31171875 0.05 0.13125
0 0.8734375 0.225 0.140625 0.178125
0 0.76875 0.11171875 0.084375 0.1703125