0 0.9609375 0.42890625 0.078125 0.1234375
0 0.946875 0.58125 0.096875 0.0796875
0 0.809375 0.61171875 0.059375 0.05
0 0.83984375 0.62890625 0.034375 0.0515625
0 0.8703125 0.49765625 0.0484375 0.0625
0 0.82578125 0.4578125 0.0515625 0.0703125
0 0.7828125 0.47890625 0.078125 0.1203125
0 0.8 0.39140625 0.0515625 0.0703125
0 0.88125 0.30625 0.0671875 0.1203125
0 0.86171875 0.29921875 0.0625 0.09375
0 0.796875 0.20625 0.0625 0.1390625
0 0.70390625 0.1765625 0.0609375 0.121875
0 0.634375 0.3390625 0.0390625 0.0734375
0 0.70546875 0.43359375 0.0421875 0.090625
0 0.6796875 0.5296875 0.0265625 0.0484375
0 0.6421875 0.5015625 0.0609375 0.1015625
0 0.55234375 0.53359375 0.04375 0.0921875
0 0.4515625 0.56171875 0.034375 0.0703125
0 0.46328125 0.68828125 0.053125 0.096875
0 0.57578125 0.64609375 0.0515625 0.0578125
0 0.51171875 0.66640625 0.05 0.0875
0 0.5171875 0.71015625 0.0328125 0.0625
0 0.54140625 0.69609375 0.0328125 0.053125
0 0.57890625 0.69453125 0.040625 0.028125
0 0.6203125 0.60625 0.03125 0.046875
0 0.70390625 0.6359375 0.0359375 0.040625
0 0.953125 0.66875 0.0515625 0.0578125
0 0.78125 0.58671875 0.025 0.0515625
0 0.8078125 0.6546875 0.0421875 0.0515625
0 0.67421875 0.675 0.0640625 0.05
0 0.62578125 0.29296875 0.1125 0.1953125
0 0.57109375 0.32578125 0.0640625 0.1328125
0 0.93125 0.36171875 0.1375 0.1890625
0 0.88046875 0.2203125 0.103125 0.175