0 0.522075055187638 0.10596026490066225 0.24503311258278146 0.18543046357615894
0 0.3984547461368653 0.6846026490066225 0.3818984547461369 0.20033112582781457
0 0.282560706401766 0.9685430463576159 0.152317880794702 0.052980132450331126
0 0.7549668874172185 0.9495033112582781 0.32671081677704195 0.10099337748344371
0 0.760485651214128 0.6928807947019867 0.2582781456953642 0.152317880794702
0 0.6699779249448123 0.5380794701986755 0.2097130242825607 0.08112582781456953
0 0.5364238410596026 0.5016556291390728 0.0728476821192053 0.039735099337748346
0 0.7759381898454746 0.4602649006622517 0.141280353200883 0.06788079470198675
0 0.3200883002207506 0.5223509933774835 0.0728476821192053 0.06788079470198675
0 0.4304635761589404 0.5645695364238411 0.03090507726269316 0.0347682119205298
0 0.03642384105960265 0.5521523178807947 0.05077262693156733 0.04966887417218543
0 0.15673289183222958 0.597682119205298 0.10154525386313466 0.06788079470198675
0 0.0739514348785872 0.7326158940397351 0.1479028697571744 0.07781456953642384
0 0.11368653421633554 0.820364238410596 0.15011037527593818 0.11589403973509933
0 0.4900662251655629 0.7996688741721855 0.09933774834437085 0.08278145695364239
0 0.6964679911699779 0.7847682119205298 0.11699779249448124 0.08443708609271523
0 0.9282560706401766 0.7284768211920529 0.12141280353200883 0.1357615894039735
0 0.934878587196468 0.8236754966887417 0.039735099337748346 0.05132450331125828