0 0.5056953642384107 0.10536423841059603 0.23366445916114784 0.17725165562913908
0 0.5887637969094922 0.6879635761589403 0.3695805739514348 0.18680463576158948
0 0.6849006622516556 0.9765397350993378 0.1498013245033113 0.04690397350993365
0 0.2130242825607064 0.9478476821192053 0.3200883002207506 0.10430463576158941
0 0.22664459161147904 0.6821357615894039 0.24867549668874173 0.14203642384105955
0 0.32761589403973507 0.5314403973509934 0.20492273730684324 0.0724503311258278
0 0.46350993377483446 0.5005298013245033 0.07077262693156733 0.03711920529801318
0 0.2275055187637969 0.4491059602649006 0.13657836644591612 0.06341059602649003
0 0.6786534216335541 0.5293211920529801 0.06812362030905081 0.06490066225165571
0 0.5644591611479028 0.5668543046357616 0.02958057395143483 0.03400662251655623
0 0.9597792494481235 0.5703476821192053 0.04757174392935972 0.04761589403973508
0 0.8362472406181015 0.6109271523178808 0.09792494481236207 0.06364238410596036
0 0.9101103752759381 0.7496523178807948 0.1469094922737306 0.07177152317880799
0 0.8634878587196468 0.8350165562913908 0.14200883002207515 0.11006622516556294
0 0.4887858719646799 0.7993211920529801 0.094569536423841 0.07841059602649009
0 0.2835761589403974 0.7766887417218543 0.11242825607064019 0.07950331125827811
0 0.056291390728476824 0.7112913907284768 0.11258278145695365 0.1308278145695364
0 0.042693156732891833 0.8064072847682119 0.0367991169977925 0.04953642384105954