0 0.4856512141280353 0.10513245033112582 0.23841059602649006 0.1804635761589404
0 0.41611479028697573 0.6887417218543046 0.3730684326710817 0.19205298013245034
0 0.32671081677704195 0.9768211920529801 0.15011037527593818 0.046357615894039736
0 0.7969094922737306 0.9437086092715232 0.32229580573951433 0.10927152317880795
0 0.7770419426048565 0.6788079470198676 0.25165562913907286 0.1456953642384106
0 0.673289183222958 0.5289735099337748 0.20750551876379691 0.07450331125827815
0 0.5364238410596026 0.5 0.0706401766004415 0.0380794701986755
0 0.7715231788079471 0.445364238410596 0.1390728476821192 0.06456953642384106
0 0.32229580573951433 0.5314569536423841 0.0706401766004415 0.06622516556291391
0 0.4370860927152318 0.5678807947019867 0.03090507726269316 0.0347682119205298
0 0.04194260485651214 0.5761589403973509 0.04856512141280353 0.048013245033112585
0 0.16666666666666666 0.6150662251655629 0.09933774834437085 0.06456953642384106
0 0.09602649006622517 0.7549668874172185 0.1479028697571744 0.07450331125827815
0 0.1445916114790287 0.8394039735099338 0.1434878587196468 0.11258278145695365
0 0.5176600441501104 0.7988410596026491 0.09713024282560706 0.07947019867549669
0 0.7229580573951435 0.7740066225165563 0.11479028697571744 0.08112582781456953
0 0.9448123620309051 0.7052980132450332 0.11037527593818984 0.13245033112582782
0 0.9646799116997793 0.8004966887417219 0.037527593818984545 0.04966887417218543