0 0.3931818181818182 0.15078125 0.7545454545454545 0.3015625
0 0.45936363636363636 0.357421875 0.5903636363636363 0.26139062499999993
0 0.17045454545454544 0.1305625 0.3409090909090909 0.26110937500000003
0 0.23650000000000002 0.49349999999999994 0.4315454545454545 0.20228125000000005
0 0.11818181818181818 0.66940625 0.23636363636363636 0.29784375
0 0.20165909090909093 0.7088125 0.22849999999999998 0.1829062499999999
0 0.7274545454545455 0.53978125 0.5041818181818183 0.3042187499999999
0 0.9386363636363636 0.43307812500000004 0.12272727272727273 0.28145312499999997
0 0.6960227272727273 0.694046875 0.3079545454545455 0.13462499999999994
0 0.6897727272727273 0.875 0.325 0.25
0 0.49772727272727274 0.89765625 0.18636363636363637 0.2046875
0 0.2852272727272727 0.90703125 0.27954545454545454 0.1859375
0 0.9295454545454546 0.8733906250000001 0.1409090909090909 0.23395312500000004