0 0.36022727272727273 0.178125 0.7204545454545455 0.35625
0 0.42727272727272725 0.36328125 0.6431818181818182 0.321875
0 0.14431818181818182 0.16953125 0.28863636363636364 0.2953125
0 0.23863636363636365 0.521875 0.4727272727272727 0.246875
0 0.16136363636363638 0.70859375 0.30227272727272725 0.3203125
0 0.2534090909090909 0.73828125 0.2681818181818182 0.2046875
0 0.725 0.51484375 0.55 0.3546875
0 0.9125 0.3859375 0.175 0.290625
0 0.7375 0.6703125 0.3340909090909091 0.165625
0 0.7727272727272727 0.85 0.37727272727272726 0.28125
0 0.5875 0.890625 0.22954545454545455 0.21875
0 0.3795454545454545 0.90859375 0.3181818181818182 0.1828125
0 0.9556818181818182 0.821875 0.08863636363636364 0.246875