0 0.36363636363636365 0.17421875 0.7272727272727273 0.3484375
0 0.43068181818181817 0.3625 0.6386363636363637 0.315625
0 0.14659090909090908 0.165625 0.29318181818181815 0.290625
0 0.2375 0.51875 0.4681818181818182 0.2421875
0 0.15568181818181817 0.70390625 0.29545454545454547 0.3171875
0 0.24659090909090908 0.73515625 0.2636363636363636 0.203125
0 0.7261363636363637 0.5171875 0.5477272727272727 0.35
0 0.9147727272727273 0.390625 0.17045454545454544 0.290625
0 0.7329545454545454 0.6734375 0.33181818181818185 0.1625
0 0.7636363636363637 0.853125 0.37272727272727274 0.278125
0 0.5784090909090909 0.89140625 0.225 0.2171875
0 0.36818181818181817 0.90859375 0.31363636363636366 0.1828125
0 0.9534090909090909 0.82890625 0.09318181818181819 0.2453125