0 0.4611141304347826 0.2963111413043478 0.15516304347826093 0.051032608695652175
0 0.6046739130434783 0.336508152173913 0.10385869565217383 0.040054347826086946
0 0.25497282608695654 0.36060461956521733 0.04069293478260868 0.06794157608695651
0 0.7671059782608696 0.48447010869565216 0.40843749999999995 0.14308423913043486
0 0.37941576086956524 0.5132269021739131 0.050421195652173935 0.04944293478260868
0 0.20425271739130438 0.4719836956521739 0.056562499999999995 0.042540760869565146
0 0.2335869565217391 0.5322350543478261 0.1310054347826087 0.05135869565217385
0 0.404116847826087 0.6033084239130435 0.22164402173913042 0.06717391304347818
0 0.7049184782608696 0.6011413043478261 0.14868206521739138 0.06960597826086959
0 0.2217391304347826 0.6489673913043478 0.2878125000000001 0.10232336956521731
0 0.30269021739130436 0.8999388586956522 0.131616847826087 0.049028532608695705
0 0.7565489130434784 0.8069429347826087 0.35347826086956535 0.1574592391304349
0 0.3480978260869565 0.9430774456521739 0.07124999999999995 0.03828804347826096
0 0.04953804347826086 0.7520720108695652 0.09005434782608696 0.021766304347826063
0 0.23873641304347828 0.7608152173913044 0.07527173913043475 0.0245923913043477
0 0.4330298913043478 0.7023573369565217 0.026711956521739088 0.013709239130434748
0 0.484320652173913 0.6987296195652174 0.06706521739130436 0.01740489130434775
0 0.6094429347826087 0.683233695652174 0.0647282608695652 0.014456521739130417
0 0.6907336956521739 0.6712228260869565 0.049932065217391304 0.014904891304347863
0 0.5098641304347826 0.7551086956521739 0.08763586956521739 0.03203804347826077
0 0.5759646739130435 0.7233491847826087 0.03267663043478255 0.013763586956521887
0 0.7087907608695652 0.7277309782608696 0.058111413043478236 0.009667119565217404
0 0.9422010869565218 0.6704483695652175 0.1155842391304347 0.061691576086956565
0 0.9156929347826087 0.6039673913043478 0.05697010869565226 0.015502717391304304
0 0.9655163043478261 0.5773777173913043 0.02788043478260867 0.012697010869565255
0 0.9686005434782609 0.6020108695652173 0.039633152173913146 0.014381793478260919