0 0.595108695652174 0.30095108695652173 0.16847826086956522 0.06114130434782609
0 0.44157608695652173 0.33084239130434784 0.11413043478260869 0.046875
0 0.78125 0.37907608695652173 0.059782608695652176 0.06997282608695653
0 0.23980978260869565 0.46603260869565216 0.44429347826086957 0.16983695652173914
0 0.6154891304347826 0.5213994565217391 0.06385869565217392 0.052309782608695655
0 0.8009510869565217 0.492866847826087 0.06793478260869565 0.04619565217391304
0 0.7547554347826086 0.5506114130434783 0.14402173913043478 0.059782608695652176
0 0.5658967391304348 0.6090353260869565 0.23777173913043478 0.08220108695652174
0 0.26902173913043476 0.5859375 0.1671195652173913 0.07948369565217392
0 0.734375 0.6667798913043478 0.3138586956521739 0.12160326086956522
0 0.5842391304347826 0.9096467391304348 0.14402173913043478 0.057744565217391304
0 0.17866847826086957 0.7860054347826086 0.35733695652173914 0.18070652173913043
0 0.5271739130434783 0.9493885869565217 0.08152173913043478 0.042798913043478264
0 0.8756793478260869 0.7809103260869565 0.09510869565217392 0.027853260869565216
0 0.686141304347826 0.7764945652173914 0.08152173913043478 0.029891304347826088
0 0.5101902173913043 0.7051630434782609 0.029891304347826088 0.015625
0 0.45991847826086957 0.6980298913043478 0.07065217391304347 0.021739130434782608
0 0.34035326086956524 0.6739130434782609 0.06793478260869565 0.019021739130434784
0 0.26358695652173914 0.65625 0.05298913043478261 0.018342391304347828
0 0.41915760869565216 0.7520380434782609 0.09510869565217392 0.03804347826086957
0 0.36277173913043476 0.7160326086956522 0.036684782608695655 0.015625
0 0.2296195652173913 0.7109375 0.059782608695652176 0.01358695652173913
0 0.04008152173913043 0.6379076086956522 0.08016304347826086 0.06929347826086957
0 0.059103260869565216 0.5740489130434783 0.06114130434782609 0.019021739130434784
0 0.017663043478260868 0.5441576086956522 0.03125 0.014266304347826086
0 0.014266304347826086 0.5682744565217391 0.028532608695652172 0.016983695652173912