0 0.48233695652173914 0.2955163043478261 0.16032608695652173 0.05502717391304348
0 0.6216032608695652 0.33933423913043476 0.10733695652173914 0.042798913043478264
0 0.26970108695652173 0.35427989130434784 0.04755434782608696 0.06861413043478261
0 0.7683423913043478 0.491508152173913 0.422554347826087 0.15353260869565216
0 0.37839673913043476 0.5101902173913043 0.05570652173913043 0.050951086956521736
0 0.2078804347826087 0.46433423913043476 0.06114130434782609 0.044157608695652176
0 0.23029891304347827 0.5251358695652174 0.1358695652173913 0.05502717391304348
0 0.39334239130434784 0.6005434782608695 0.22826086956521738 0.07269021739130435
0 0.6942934782608695 0.6063179347826086 0.15625 0.07336956521739131
0 0.20652173913043478 0.6416440217391305 0.297554347826087 0.109375
0 0.2608695652173913 0.8943614130434783 0.13722826086956522 0.052309782608695655
0 0.7241847826086957 0.8131793478260869 0.3695652173913043 0.16644021739130435
0 0.3016304347826087 0.9385190217391305 0.07472826086956522 0.04008152173913043
0 0.034646739130434784 0.7394701086956522 0.06929347826086957 0.02377717391304348
0 0.21195652173913043 0.7537364130434783 0.07744565217391304 0.026494565217391304
0 0.4116847826086957 0.7004076086956522 0.028532608695652172 0.014266304347826086
0 0.4633152173913043 0.6980298913043478 0.06929347826086957 0.019021739130434784
0 0.5903532608695652 0.6858016304347826 0.06657608695652174 0.016304347826086956
0 0.6725543478260869 0.6759510869565217 0.051630434782608696 0.016304347826086956
0 0.4830163043478261 0.7550951086956522 0.09103260869565218 0.033967391304347824
0 0.5523097826086957 0.7248641304347826 0.033967391304347824 0.014266304347826086
0 0.6847826086956522 0.733016304347826 0.058423913043478264 0.010869565217391304
0 0.9239130434782609 0.6817255434782609 0.12228260869565218 0.06453804347826086
0 0.9042119565217391 0.6148097826086957 0.058423913043478264 0.016983695652173912
0 0.9565217391304348 0.5893342391304348 0.028532608695652172 0.01358695652173913
0 0.9572010869565217 0.6141304347826086 0.04076086956521739 0.015625