0 0.704483695652174 0.2561141304347826 0.5095108695652174 0.20176630434782608
0 0.9639945652173914 0.19293478260869565 0.07201086956521739 0.08423913043478261
0 0.8362771739130435 0.399116847826087 0.327445652173913 0.1514945652173913
0 0.5394021739130435 0.46841032608695654 0.34103260869565216 0.14130434782608695
0 0.21875 0.506453804347826 0.18206521739130435 0.06793478260869565
0 0.30095108695652173 0.6317934782608695 0.529891304347826 0.17866847826086957
0 0.07880434782608696 0.7381114130434783 0.07880434782608696 0.025815217391304348
0 0.6813858695652174 0.6389266304347826 0.11684782608695653 0.05366847826086957
0 0.6168478260869565 0.6542119565217391 0.08423913043478261 0.03804347826086957
0 0.5190217391304348 0.671875 0.11005434782608696 0.04551630434782609
0 0.8926630434782609 0.6171875 0.09646739130434782 0.052309782608695655
0 0.6664402173913043 0.5149456521739131 0.12635869565217392 0.05366847826086957
0 0.8444293478260869 0.5427989130434783 0.3111413043478261 0.11277173913043478
0 0.5597826086956522 0.8620923913043478 0.19293478260869565 0.12771739130434784