0 0.38308423913043477 0.24210597826086958 0.4598641304347825 0.16454483695652175
0 0.08751358695652174 0.15220108695652176 0.17502717391304348 0.07006114130434785
0 0.18407608695652172 0.3699252717391304 0.32877717391304345 0.12483016304347826
0 0.4719701086956522 0.4654755434782608 0.30510869565217386 0.11658967391304356
0 0.7745788043478261 0.5308355978260869 0.1660597826086957 0.05429347826086962
0 0.650258152173913 0.6471807065217391 0.4896603260869565 0.1380978260869565
0 0.9789673913043478 0.6486209239130435 0.04205163043478267 0.024368206521739055
0 0.8321875 0.7709714673913043 0.07317934782608682 0.019721467391304485
0 0.27322010869565216 0.6209850543478261 0.10334239130434783 0.045346467391304345
0 0.33161684782608697 0.6416440217391305 0.07406249999999999 0.031942934782608685
0 0.42153532608695654 0.6676630434782609 0.09858695652173906 0.03733016304347829
0 0.07247282608695653 0.5813519021739131 0.08216032608695652 0.04590353260869561
0 0.3308288043478261 0.5004211956521739 0.11252717391304343 0.044599184782608756
0 0.14400815217391302 0.5122146739130435 0.28801630434782605 0.08881114130434783
0 0.3151766304347826 0.8512432065217391 0.15498641304347824 0.1156861413043478