0 0.5067934782608695 0.23573369565217392 0.5176630434782609 0.20855978260869565
0 0.7588315217391305 0.11684782608695653 0.19972826086956522 0.08695652173913043
0 0.7547554347826086 0.34001358695652173 0.3736413043478261 0.15625
0 0.5129076086956522 0.4633152173913043 0.34646739130434784 0.14605978260869565
0 0.24456521739130435 0.5587635869565217 0.18478260869565216 0.07065217391304347
0 0.41440217391304346 0.6596467391304348 0.5366847826086957 0.18614130434782608
0 0.09307065217391304 0.6953125 0.051630434782608696 0.028532608695652172
0 0.28804347826086957 0.7995923913043478 0.08016304347826086 0.02717391304347826
0 0.7724184782608695 0.5947690217391305 0.11956521739130435 0.05502717391304348
0 0.7235054347826086 0.6209239130434783 0.08559782608695653 0.03872282608695652
0 0.6467391304347826 0.6559103260869565 0.11141304347826086 0.046875
0 0.9510869565217391 0.5349864130434783 0.09782608695652174 0.05366847826086957
0 0.6657608695652174 0.4826766304347826 0.12907608695652173 0.05502717391304348
0 0.8464673913043478 0.4748641304347826 0.3070652173913043 0.11684782608695653
0 0.826766304347826 0.8243885869565217 0.19972826086956522 0.12907608695652173