0 0.7985232067510548 0.1424581005586592 0.310126582278481 0.2849162011173184
0 0.5622362869198312 0.4245810055865922 0.33122362869198313 0.7150837988826816
0 0.07067510548523206 0.7094972067039106 0.1160337552742616 0.4022346368715084
0 0.9514767932489452 0.164804469273743 0.09282700421940929 0.2737430167597765
0 0.7637130801687764 0.6899441340782123 0.13924050632911392 0.22905027932960895
0 0.5063924050632912 0.161731843575419 0.06181434599156121 0.1854189944134078
0 0.6476793248945147 0.8910614525139665 0.08438818565400844 0.21787709497206703
0 0.4398523206751055 0.9427374301675978 0.11698312236286917 0.11452513966480447
0 0.2616033755274262 0.7988826815642458 0.2489451476793249 0.4022346368715084
0 0.22253164556962027 0.824804469273743 0.09046413502109704 0.13547486033519554
0 0.08120253164556962 0.9244692737430167 0.08913502109704641 0.15100558659217894