0 0.1930379746835443 0.19832402234636873 0.31645569620253167 0.3407821229050279
0 0.4356540084388186 0.43575418994413406 0.350210970464135 0.776536312849162
0 0.9335443037974683 0.6284916201117319 0.12658227848101267 0.4245810055865922
0 0.04535864978902954 0.24581005586592178 0.09071729957805907 0.2905027932960894
0 0.24156118143459915 0.7374301675977654 0.14556962025316456 0.2569832402234637
0 0.48523206751054854 0.164804469273743 0.06751054852320675 0.19553072625698323
0 0.3618143459915612 0.8994413407821229 0.09071729957805907 0.2011173184357542
0 0.5717299578059072 0.9301675977653632 0.12025316455696203 0.1340782122905028
0 0.7457805907172996 0.7541899441340782 0.25949367088607594 0.44692737430167595
0 0.7858649789029536 0.7737430167597765 0.09282700421940929 0.15083798882681565
0 0.929324894514768 0.8463687150837989 0.09282700421940929 0.16759776536312848