0 0.19936708860759494 0.1564245810055866 0.31223628691983124 0.3016759776536313
0 0.43776371308016876 0.4273743016759777 0.33544303797468356 0.7318435754189944
0 0.930379746835443 0.6899441340782123 0.11814345991561181 0.40782122905027934
0 0.046413502109704644 0.18435754189944134 0.09282700421940929 0.27932960893854747
0 0.23734177215189872 0.7011173184357542 0.14135021097046413 0.2346368715083799
0 0.49156118143459915 0.16201117318435754 0.06329113924050633 0.18994413407821228
0 0.35337552742616035 0.8910614525139665 0.08649789029535865 0.21787709497206703
0 0.5632911392405063 0.9385474860335196 0.11814345991561181 0.11731843575418995
0 0.740506329113924 0.7877094972067039 0.2510548523206751 0.4134078212290503
0 0.7795358649789029 0.8128491620111732 0.09071729957805907 0.13966480446927373
0 0.9219409282700421 0.9050279329608939 0.09071729957805907 0.1564245810055866