0 0.6561181434599156 0.09430604982206406 0.34177215189873417 0.13523131672597866
0 0.5316455696202531 0.12811387900355872 0.2468354430379747 0.05575326215895611
0 0.43248945147679324 0.16073546856465007 0.2721518987341772 0.06998813760379596
0 0.9061181434599156 0.09905100830367734 0.1877637130801688 0.07236061684460261
0 0.8586497890295358 0.04092526690391459 0.24050632911392406 0.06168446026097272
0 0.9641350210970464 0.1542111506524318 0.07172995780590717 0.0498220640569395
0 0.990506329113924 0.22301304863582444 0.0189873417721519 0.04744958481613286
0 0.9694092827004219 0.3202846975088968 0.06118143459915612 0.06168446026097272
0 0.5263713080168776 0.24733096085409254 0.34810126582278483 0.12455516014234876
0 0.3069620253164557 0.32680901542111507 0.4240506329113924 0.14590747330960854
0 0.6392405063291139 0.3469750889679715 0.31856540084388185 0.10676156583629894
0 0.45464135021097046 0.4905100830367734 0.3438818565400844 0.11269276393831554
0 0.509493670886076 0.5871886120996441 0.20464135021097046 0.07947805456702253
0 0.18037974683544303 0.67497034400949 0.3059071729957806 0.09015421115065243
0 0.5295358649789029 0.8042704626334519 0.379746835443038 0.14116251482799524
0 0.8681434599156118 0.8683274021352313 0.16877637130801687 0.1162514827995255
0 0.9145569620253164 0.7746144721233689 0.09915611814345991 0.06405693950177936
0 0.6677215189873418 0.7206405693950177 0.2489451476793249 0.11862396204033215
0 0.6255274261603375 0.693950177935943 0.27637130801687765 0.10438908659549229
0 0.7183544303797469 0.6144721233689205 0.24261603375527427 0.1376037959667853
0 0.6919831223628692 0.4294187425860024 0.2088607594936709 0.07354685646500593
0 0.5516877637130801 0.3956109134045077 0.1877637130801688 0.05693950177935943
0 0.7921940928270043 0.49347568208778175 0.27848101265822783 0.10794780545670225
0 0.8016877637130801 0.5438908659549229 0.14978902953586498 0.05812574139976275
0 0.869198312236287 0.6055753262158956 0.229957805907173 0.0771055753262159
0 0.8565400843881856 0.6820877817319099 0.14767932489451477 0.0711743772241993
0 0.45675105485232065 0.9519572953736655 0.339662447257384 0.09608540925266904
0 0.8175105485232067 0.9798339264531435 0.1962025316455696 0.04033214709371293