0 0.4068987341772152 0.08809015421115066 0.3241139240506329 0.12008303677342821
0 0.5266244725738397 0.12782918149466194 0.2404430379746836 0.04385527876631079
0 0.619957805907173 0.16519572953736653 0.2636075949367089 0.057793594306049835
0 0.1548523206751055 0.08030842230130486 0.18354430379746836 0.06317912218268089
0 0.21434599156118142 0.025124555160142347 0.2332911392405063 0.050249110320284694
0 0.06219409282700422 0.1315421115065243 0.12438818565400844 0.0439976275207592
0 0.03029535864978903 0.19906287069988138 0.060569620253164556 0.04523131672597864
0 0.043270042194092834 0.29739027283511266 0.08654008438818567 0.058220640569395035
0 0.5125527426160338 0.24697508896797152 0.3334810126582279 0.10822064056939504
0 0.718818565400844 0.3371767497034401 0.4055485232067511 0.12683274021352312
0 0.384957805907173 0.34043890865954923 0.305253164556962 0.09200474495848159
0 0.5470464135021097 0.4928113879003559 0.3293881856540084 0.09750889679715308
0 0.47740506329113924 0.5862989323843416 0.19392405063291143 0.07040332147093709
0 0.7913924050632911 0.6902372479240807 0.2956118143459916 0.07634638196915765
0 0.4237763713080169 0.8015302491103203 0.36175105485232073 0.12378410438908649
0 0.07620253164556962 0.8489086595492289 0.15238396624472575 0.10906287069988144
0 0.04489451476793249 0.7530367734282324 0.08978902953586498 0.05963226571767495
0 0.2983544303797468 0.7118505338078293 0.23400843881856542 0.10740213523131668
0 0.3450632911392405 0.6868327402135231 0.2639240506329114 0.09144721233689196
0 0.264957805907173 0.6031079478054567 0.22295358649789032 0.12712930011862392
0 0.31976793248945146 0.4201304863582444 0.19985232067510553 0.06405693950177936
0 0.464789029535865 0.3933926453143535 0.1802320675105485 0.04829181494661926
0 0.20966244725738395 0.4790391459074733 0.2643037974683544 0.0955041518386714
0 0.1928270042194093 0.5287069988137604 0.14219409282700424 0.05131672597864768
0 0.11571729957805907 0.5872004744958481 0.22069620253164557 0.06610913404507712
0 0.11632911392405064 0.6636773428232503 0.13727848101265822 0.06457888493475689
0 0.47162447257383966 0.9559549228944246 0.3266244725738397 0.08716488730723608
0 0.10759493670886076 0.9739027283511269 0.189873417721519 0.05219454329774614