0 0.31856540084388185 0.09727164887307237 0.34810126582278483 0.14116251482799524
0 0.4462025316455696 0.12870699881376038 0.2489451476793249 0.060498220640569395
0 0.5464135021097046 0.15954922894424675 0.2742616033755274 0.07591933570581258
0 0.08227848101265822 0.1073546856465006 0.16455696202531644 0.07473309608540925
0 0.11708860759493671 0.04744958481613286 0.23417721518987342 0.066429418742586
0 0.02531645569620253 0.16370106761565836 0.05063291139240506 0.05219454329774614
0 0.026371308016877638 0.32977461447212336 0.052742616033755275 0.06405693950177936
0 0.4578059071729958 0.2479240806642942 0.35443037974683544 0.13048635824436536
0 0.6814345991561181 0.3232502965599051 0.43037974683544306 0.1542111506524318
0 0.3512658227848101 0.34934756820877816 0.3227848101265823 0.11269276393831554
0 0.5453586497890295 0.48991696322657174 0.34810126582278483 0.11981020166073547
0 0.4957805907172996 0.5871886120996441 0.20675105485232068 0.0830367734282325
0 0.830168776371308 0.6690391459074733 0.310126582278481 0.09608540925266904
0 0.48945147679324896 0.8042704626334519 0.3860759493670886 0.14709371293001186
0 0.1550632911392405 0.8754448398576512 0.1751054852320675 0.11862396204033215
0 0.10337552742616034 0.7823250296559905 0.10126582278481013 0.06524317912218268
0 0.3459915611814346 0.7241992882562278 0.2552742616033755 0.1221826809015421
0 0.3871308016877637 0.6963226571767497 0.28270042194092826 0.10913404507710557
0 0.2890295358649789 0.6186239620403321 0.2489451476793249 0.14116251482799524
0 0.3037974683544304 0.43297746144721233 0.21308016877637131 0.0771055753262159
0 0.4419831223628692 0.39679715302491103 0.189873417721519 0.060498220640569395
0 0.20780590717299577 0.4988137603795967 0.28270042194092826 0.11269276393831554
0 0.20147679324894516 0.5498220640569395 0.1518987341772152 0.060498220640569395
0 0.1371308016877637 0.6126927639383155 0.23417721518987342 0.08066429418742586
0 0.1550632911392405 0.6886120996441281 0.14978902953586498 0.07354685646500593
0 0.570675105485232 0.9495848161328588 0.3438818565400844 0.10083036773428232
0 0.2120253164556962 0.9822064056939501 0.20042194092827004 0.03558718861209965