0 0.226215644820296 0.18783068783068782 0.3974630021141649 0.37566137566137564
0 0.5570824524312896 0.19444444444444445 0.39112050739957716 0.26455026455026454
0 0.6183932346723044 0.07142857142857142 0.17970401691331925 0.13756613756613756
0 0.5570824524312896 0.42592592592592593 0.3784355179704017 0.24603174603174602
0 0.34143763213530653 0.46825396825396826 0.3128964059196617 0.26455026455026454
0 0.13530655391120508 0.46825396825396826 0.27061310782241016 0.21164021164021163
0 0.08773784355179703 0.39285714285714285 0.1733615221987315 0.16666666666666666
0 0.2748414376321353 0.6507936507936508 0.3974630021141649 0.31746031746031744
0 0.17124735729386892 0.7486772486772487 0.2959830866807611 0.2619047619047619
0 0.02959830866807611 0.6018518518518519 0.05919661733615222 0.17195767195767195
0 0.6088794926004228 0.9007936507936508 0.33403805496828753 0.1984126984126984
0 0.857293868921776 0.9126984126984127 0.19661733615221988 0.1746031746031746
0 0.5930232558139535 0.6825396825396826 0.21141649048625794 0.24074074074074073
0 0.6807610993657506 0.5568783068783069 0.2959830866807611 0.21693121693121692
0 0.8932346723044398 0.5767195767195767 0.1945031712473573 0.17724867724867724
0 0.9302325581395349 0.4351851851851852 0.13953488372093023 0.21428571428571427
0 0.7716701902748414 0.455026455026455 0.17547568710359407 0.18253968253968253
0 0.7029598308668076 0.26851851851851855 0.1522198731501057 0.1746031746031746