0 0.20190274841437633 0.21031746031746032 0.37420718816067655 0.36243386243386244
0 0.5317124735729387 0.18915343915343916 0.38054968287526425 0.21957671957671956
0 0.5824524312896406 0.0582010582010582 0.1733615221987315 0.1164021164021164
0 0.5507399577167019 0.41798941798941797 0.3699788583509514 0.20105820105820105
0 0.339323467230444 0.4894179894179894 0.30021141649048627 0.23015873015873015
0 0.1331923890063425 0.5185185185185185 0.266384778012685 0.17989417989417988
0 0.08139534883720931 0.4470899470899471 0.16279069767441862 0.14814814814814814
0 0.28858350951374206 0.6785714285714286 0.38266384778012685 0.2724867724867725
0 0.193446088794926 0.7896825396825397 0.28118393234672306 0.23015873015873015
0 0.03171247357293869 0.6640211640211641 0.06342494714587738 0.164021164021164
0 0.6448202959830867 0.9021164021164021 0.321353065539112 0.19576719576719576
0 0.8921775898520085 0.8783068783068783 0.1839323467230444 0.18253968253968253
0 0.6078224101479915 0.6693121693121693 0.19661733615221988 0.21957671957671956
0 0.6839323467230444 0.533068783068783 0.2854122621564482 0.18253968253968253
0 0.8974630021141649 0.5251322751322751 0.1839323467230444 0.15608465608465608
0 0.9291754756871036 0.376984126984127 0.1416490486257928 0.1984126984126984
0 0.766384778012685 0.4193121693121693 0.1649048625792812 0.164021164021164
0 0.6828752642706131 0.24206349206349206 0.1416490486257928 0.15873015873015872