0 0.18651162790697673 0.2376190476190476 0.3563636363636364 0.3326719576719577
0 0.5140169133192389 0.18661375661375662 0.36993657505285416 0.18769841269841275
0 0.5570824524312896 0.051587301587301584 0.16701902748414377 0.10317460317460317
0 0.5461099365750529 0.4143650793650794 0.3612684989429175 0.1703174603174603
0 0.33885835095137423 0.5028571428571429 0.28980972515856235 0.20505291005291004
0 0.1321353065539112 0.5501587301587302 0.2642706131078224 0.15748677248677256
0 0.07862579281183932 0.4839153439153439 0.15725158562367864 0.1341269841269841
0 0.29883720930232555 0.6969576719576719 0.3695560253699789 0.24021164021164015
0 0.21073995771670193 0.8162962962962963 0.2709090909090909 0.20735449735449735
0 0.03488372093023256 0.7063492063492064 0.06976744186046512 0.15873015873015872
0 0.6677589852008458 0.901878306878307 0.31088794926004226 0.1962433862433861
0 0.912262156448203 0.8432275132275132 0.17547568710359407 0.1682275132275133
0 0.6171247357293869 0.6593121693121693 0.18511627906976738 0.20380952380952386
0 0.6854545454545455 0.5166137566137566 0.27813953488372084 0.15986772486772488
0 0.8983086680761099 0.489973544973545 0.17750528541226224 0.13962962962962971
0 0.9281183932346723 0.3392328042328042 0.14376321353065538 0.18534391534391534
0 0.7608668076109937 0.39626984126984127 0.15638477801268505 0.15063492063492062
0 0.6681395348837209 0.22735449735449734 0.13306553911205085 0.14677248677248675