0 0.6339662447257384 0.6514705882352941 0.4219409282700422 0.3
0 0.5084388185654009 0.8485294117647059 0.2890295358649789 0.23823529411764705
0 0.7267932489451476 0.9044117647058824 0.3143459915611814 0.19117647058823528
0 0.1729957805907173 0.5838235294117647 0.25738396624472576 0.2529411764705882
0 0.12130801687763713 0.8352941176470589 0.24261603375527427 0.2647058823529412
0 0.3459915611814346 0.85 0.18354430379746836 0.10588235294117647
0 0.3850210970464135 0.6823529411764706 0.15611814345991562 0.16176470588235295
0 0.34810126582278483 0.6 0.03375527426160337 0.07352941176470588
0 0.3407172995780591 0.5088235294117647 0.11181434599156118 0.12058823529411765
0 0.45042194092827004 0.9529411764705882 0.12869198312236288 0.09411764705882353
0 0.33544303797468356 0.925 0.08649789029535865 0.09411764705882353
0 0.3206751054852321 0.7970588235294118 0.10970464135021098 0.061764705882352944
0 0.26054852320675104 0.9308823529411765 0.04852320675105485 0.08823529411764706
0 0.9156118143459916 0.9632352941176471 0.06751054852320675 0.07352941176470588
0 0.8154008438818565 0.986764705882353 0.17932489451476794 0.026470588235294117
0 0.7710970464135021 0.7691176470588236 0.22784810126582278 0.12352941176470589