0 0.33755274261603374 0.5823529411764706 0.4388185654008439 0.38235294117647056
0 0.410337552742616 0.8264705882352941 0.3037974683544304 0.29411764705882354
0 0.1877637130801688 0.7897058823529411 0.3270042194092827 0.27647058823529413
0 0.790084388185654 0.7279411764705882 0.27637130801687765 0.3
0 0.7890295358649789 0.9191176470588235 0.2869198312236287 0.16176470588235295
0 0.5632911392405063 0.9014705882352941 0.1877637130801688 0.1411764705882353
0 0.5664556962025317 0.725 0.16877637130801687 0.18823529411764706
0 0.6213080168776371 0.663235294117647 0.04219409282700422 0.07941176470588235
0 0.6487341772151899 0.5808823529411765 0.12025316455696203 0.1411764705882353
0 0.4388185654008439 0.9441176470588235 0.1350210970464135 0.11176470588235295
0 0.5559071729957806 0.9602941176470589 0.0949367088607595 0.07941176470588235
0 0.6002109704641351 0.861764705882353 0.11181434599156118 0.08235294117647059
0 0.6255274261603375 0.9838235294117647 0.056962025316455694 0.03235294117647059
0 0.015822784810126583 0.775 0.03164556962025317 0.13823529411764707
0 0.08544303797468354 0.8397058823529412 0.17088607594936708 0.11470588235294117
0 0.18037974683544303 0.6323529411764706 0.2320675105485232 0.1676470588235294