0 0.35675105485232067 0.6346470588235295 0.40698312236286927 0.2525882352941177
0 0.46987341772151897 0.846735294117647 0.27683544303797464 0.20617647058823535
0 0.2472784810126582 0.8867647058823529 0.3047679324894515 0.17841176470588227
0 0.82084388185654 0.6232058823529412 0.24462025316455704 0.22317647058823528
0 0.8674894514767932 0.883264705882353 0.2534810126582278 0.2334705882352941
0 0.6313713080168776 0.8676176470588236 0.17835443037974677 0.08317647058823521
0 0.6030801687763714 0.6958235294117648 0.14818565400843883 0.14302941176470596
0 0.6456118143459916 0.6176470588235294 0.030421940928269955 0.07102941176470581
0 0.6585021097046413 0.5282058823529412 0.1048312236286921 0.108764705882353
0 0.5200632911392404 0.9580588235294117 0.12331223628691987 0.08385294117647056
0 0.6372151898734177 0.9432058823529411 0.08202531645569619 0.08391176470588227
0 0.6604008438818565 0.8170882352941177 0.10626582278481013 0.048235294117646994
0 0.7120253164556962 0.9588235294117647 0.04430379746835443 0.08235294117647059
0 0.055168776371308015 0.939 0.06065400843881857 0.12197058823529419
0 0.15308016877637132 0.9722352941176471 0.17626582278481015 0.055500000000000015
0 0.2128691983122363 0.7355294117647059 0.2218565400843882 0.09552941176470585