0 0.8859375 0.1671875 0.0828125 0.0578125
0 0.69453125 0.20625 0.040625 0.046875
0 0.58359375 0.3078125 0.0390625 0.053125
0 0.15234375 0.8125 0.09375 0.0890625
0 0.159375 0.68359375 0.059375 0.09375
0 0.04375 0.7390625 0.0765625 0.0625
0 0.2640625 0.77890625 0.0234375 0.05
0 0.21171875 0.9125 0.0484375 0.0578125
0 0.34609375 0.91015625 0.1265625 0.071875
0 0.5953125 0.12109375 0.040625 0.0265625
0 0.215625 0.16484375 0.0671875 0.0546875
0 0.19765625 0.27109375 0.021875 0.08125
0 0.23671875 0.03671875 0.0203125 0.040625
0 0.42578125 0.2125 0.01875 0.0578125
0 0.4515625 0.190625 0.0203125 0.0578125
0 0.44140625 0.18515625 0.01875 0.0125
0 0.6390625 0.12265625 0.0328125 0.0265625
0 0.4203125 0.07109375 0.0203125 0.0265625
0 0.9015625 0.06171875 0.025 0.0234375
0 0.87890625 0.55546875 0.040625 0.0171875
0 0.9328125 0.58515625 0.0484375 0.021875
0 0.95078125 0.8171875 0.0671875 0.0484375
0 0.946875 0.93671875 0.0640625 0.0484375
0 0.84140625 0.90234375 0.028125 0.0984375
0 0.72265625 0.90390625 0.053125 0.0296875
0 0.5984375 0.56171875 0.0359375 0.0328125
0 0.49609375 0.3859375 0.0328125 0.021875
0 0.32734375 0.5546875 0.0109375 0.0265625
0 0.284375 0.375 0.0171875 0.0546875
0 0.159375 0.39609375 0.0234375 0.0625
0 0.078125 0.3765625 0.0234375 0.0625
0 0.07734375 0.18125 0.025 0.0390625
0 0.18046875 0.0328125 0.0140625 0.0359375
0 0.1453125 0.03125 0.0078125 0.0390625
0 0.57265625 0.2390625 0.0296875 0.0125
0 0.5515625 0.54140625 0.0375 0.021875
0 0.6640625 0.80078125 0.0359375 0.0265625
0 0.0578125 0.5796875 0.0484375 0.0375
0 0.03125 0.51171875 0.028125 0.040625
0 0.071875 0.47578125 0.0390625 0.04375
0 0.0953125 0.44140625 0.015625 0.0609375
0 0.44609375 0.44609375 0.134375 0.2671875
0 0.76015625 0.47890625 0.2109375 0.20625
0 0.66171875 0.55703125 0.1765625 0.190625
0 0.35390625 0.30078125 0.0828125 0.0875
0 0.4109375 0.8671875 0.0390625 0.171875
0 0.08671875 0.58046875 0.05 0.2015625