0 0.8796875 0.1609375 0.08125 0.05625
0 0.6890625 0.20234375 0.040625 0.046875
0 0.58046875 0.30625 0.0375 0.053125
0 0.1578125 0.81875 0.0921875 0.0875
0 0.1625 0.6890625 0.0578125 0.0921875
0 0.0484375 0.746875 0.075 0.0625
0 0.26875 0.7828125 0.021875 0.0484375
0 0.21875 0.91796875 0.046875 0.0578125
0 0.353125 0.91328125 0.125 0.0703125
0 0.58828125 0.11953125 0.040625 0.0265625
0 0.21015625 0.1703125 0.065625 0.053125
0 0.19375 0.2765625 0.0203125 0.0796875
0 0.228125 0.04140625 0.0203125 0.0390625
0 0.42109375 0.21328125 0.0171875 0.0578125
0 0.44609375 0.19140625 0.01875 0.05625
0 0.4359375 0.1859375 0.01875 0.0109375
0 0.63203125 0.1203125 0.0328125 0.0265625
0 0.4125 0.07265625 0.0203125 0.025
0 0.89375 0.0546875 0.0234375 0.0234375
0 0.8796875 0.54921875 0.040625 0.0171875
0 0.934375 0.57734375 0.046875 0.0203125
0 0.95625 0.809375 0.0671875 0.046875
0 0.95390625 0.92890625 0.0640625 0.046875
0 0.8484375 0.89609375 0.0265625 0.096875
0 0.7296875 0.9 0.053125 0.028125
0 0.59921875 0.559375 0.0359375 0.0328125
0 0.49375 0.3859375 0.03125 0.021875
0 0.328125 0.55703125 0.0109375 0.0265625
0 0.28203125 0.37890625 0.015625 0.0546875
0 0.1578125 0.40234375 0.021875 0.0609375
0 0.07578125 0.384375 0.021875 0.0609375
0 0.071875 0.1890625 0.025 0.0390625
0 0.171875 0.03828125 0.0140625 0.0359375
0 0.13671875 0.0375 0.0078125 0.0390625
0 0.56796875 0.23828125 0.0296875 0.0125
0 0.55234375 0.53984375 0.0359375 0.021875
0 0.66953125 0.79765625 0.0359375 0.0265625
0 0.059375 0.58671875 0.0484375 0.0359375
0 0.03203125 0.51953125 0.028125 0.040625
0 0.07109375 0.48359375 0.0390625 0.04375
0 0.09453125 0.4484375 0.0140625 0.0609375
0 0.4453125 0.446875 0.1296875 0.2640625
0 0.759375 0.47421875 0.2078125 0.2015625
0 0.6625 0.55390625 0.175 0.1875
0 0.35078125 0.303125 0.08125 0.0859375
0 0.41796875 0.86875 0.0359375 0.171875
0 0.08828125 0.5875 0.0453125 0.2015625