0 0.86796875 0.14765625 0.0796875 0.053125
0 0.67890625 0.19609375 0.0390625 0.0453125
0 0.5734375 0.30390625 0.0359375 0.0515625
0 0.16953125 0.83046875 0.0890625 0.084375
0 0.16953125 0.70078125 0.0546875 0.090625
0 0.05703125 0.7625 0.0734375 0.059375
0 0.27890625 0.790625 0.0203125 0.0484375
0 0.23359375 0.92734375 0.0453125 0.05625
0 0.36796875 0.91796875 0.1234375 0.065625
0 0.575 0.11640625 0.0390625 0.025
0 0.1984375 0.18046875 0.0640625 0.0515625
0 0.1859375 0.2875 0.0171875 0.0796875
0 0.2125 0.05078125 0.01875 0.0390625
0 0.4109375 0.21640625 0.015625 0.0578125
0 0.43515625 0.19375 0.0171875 0.05625
0 0.425 0.18828125 0.01875 0.0109375
0 0.61875 0.115625 0.03125 0.025
0 0.39765625 0.07578125 0.01875 0.025
0 0.878125 0.04140625 0.0234375 0.021875
0 0.88125 0.5359375 0.040625 0.015625
0 0.93671875 0.5625 0.046875 0.01875
0 0.96640625 0.79296875 0.065625 0.0453125
0 0.96875 0.9125 0.0625 0.0453125
0 0.86171875 0.88359375 0.0234375 0.096875
0 0.74375 0.89140625 0.0515625 0.0265625
0 0.6015625 0.55625 0.034375 0.03125
0 0.48984375 0.3859375 0.03125 0.0203125
0 0.33046875 0.56328125 0.009375 0.0265625
0 0.278125 0.38671875 0.0140625 0.0546875
0 0.1546875 0.4140625 0.0203125 0.0609375
0 0.071875 0.39921875 0.0203125 0.0609375
0 0.0609375 0.20390625 0.0234375 0.0375
0 0.15625 0.05 0.0125 0.0359375
0 0.12109375 0.05078125 0.00625 0.0390625
0 0.55859375 0.2359375 0.0296875 0.0109375
0 0.55390625 0.53828125 0.0359375 0.0203125
0 0.6796875 0.79140625 0.034375 0.025
0 0.0625 0.60234375 0.046875 0.034375
0 0.0328125 0.5359375 0.0265625 0.0390625
0 0.07109375 0.4984375 0.0375 0.0421875
0 0.09296875 0.4625 0.0125 0.0609375
0 0.443359375 0.44914062499999996 0.12109375 0.2604375
0 0.7586875 0.46503125 0.20173437500000002 0.195328125
0 0.664390625 0.548109375 0.16803124999999994 0.18198437500000003
0 0.34385937499999997 0.30874999999999997 0.07835937499999997 0.08276562499999995
0 0.43059375 0.8716875 0.02993749999999995 0.17114062499999996
0 0.09131249999999999 0.601671875 0.03887499999999999 0.19989062499999993