0 0.2578125 0.38125 0.0546875 0.084375
0 0.94453125 0.7515625 0.1078125 0.1375
0 0.9671875 0.428125 0.059375 0.0703125
0 0.93203125 0.115625 0.13125 0.1703125
0 0.7859375 0.2453125 0.0234375 0.115625
0 0.3796875 0.81171875 0.0546875 0.1453125
0 0.31328125 0.7546875 0.08125 0.078125
0 0.15078125 0.878125 0.1328125 0.13125
0 0.36953125 0.27109375 0.0203125 0.11875
0 0.3109375 0.33515625 0.0125 0.0296875
0 0.7578125 0.128125 0.0375 0.025
0 0.65078125 0.31171875 0.0171875 0.053125
0 0.8125 0.26640625 0.0421875 0.0296875
0 0.5765625 0.5375 0.0328125 0.03125
0 0.63359375 0.74921875 0.03125 0.0828125
0 0.671875 0.928125 0.0328125 0.075
0 0.44609375 0.26640625 0.028125 0.01875
0 0.47421875 0.24765625 0.0265625 0.01875
0 0.2953125 0.22109375 0.0140625 0.0671875
0 0.31171875 0.2921875 0.0140625 0.04375
0 0.1375 0.2734375 0.05625 0.075
0 0.115625 0.19375 0.0359375 0.1015625
0 0.0828125 0.3328125 0.040625 0.06875
0 0.125 0.3953125 0.015625 0.0484375
0 0.321875 0.53125 0.0265625 0.071875
0 0.0234375 0.29765625 0.04375 0.0265625
0 0.0625 0.3171875 0.059375 0.0359375
0 0.08828125 0.2671875 0.0484375 0.0265625
0 0.1578125 0.15546875 0.0375 0.04375
0 0.196875 0.678125 0.0265625 0.0578125
0 0.2921875 0.47421875 0.0125 0.046875
0 0.33515625 0.31640625 0.0140625 0.034375
0 0.275 0.2734375 0.015625 0.04375
0 0.91640625 0.221875 0.0390625 0.025
0 0.52890625 0.38671875 0.0203125 0.0296875
0 0.7739375 0.657328125 0.16775 0.13304687499999995
0 0.53478125 0.6872499999999999 0.06260937500000008 0.14146874999999995
0 0.24665625000000002 0.59184375 0.10787500000000003 0.19024999999999997