0 0.2375 0.4390625 0.071875 0.09375
0 0.9609375 0.64453125 0.078125 0.1578125
0 0.9390625 0.325 0.0734375 0.08125
0 0.834375 0.0625 0.165625 0.125
0 0.72109375 0.1875 0.0484375 0.1171875
0 0.453125 0.83046875 0.0859375 0.153125
0 0.375 0.78984375 0.096875 0.09375
0 0.24375 0.93359375 0.159375 0.1328125
0 0.32109375 0.30625 0.046875 0.1203125
0 0.27890625 0.38203125 0.01875 0.03125
0 0.6671875 0.0796875 0.0421875 0.0328125
0 0.6046875 0.2828125 0.028125 0.05625
0 0.7515625 0.20234375 0.0484375 0.0390625
0 0.5828125 0.51953125 0.0390625 0.0375
0 0.6859375 0.7125 0.0484375 0.0875
0 0.7640625 0.878125 0.0484375 0.0796875
0 0.3953125 0.284375 0.03125 0.025
0 0.41796875 0.26015625 0.0296875 0.025
0 0.2375 0.27421875 0.028125 0.06875
0 0.26953125 0.33984375 0.0234375 0.0453125
0 0.09609375 0.3609375 0.071875 0.0859375
0 0.05625 0.28828125 0.0578125 0.1078125
0 0.05625 0.43125 0.0546875 0.0765625
0 0.1109375 0.48203125 0.0265625 0.05
0 0.33359375 0.5703125 0.0421875 0.0765625
0 0.00703125 0.41015625 0.0140625 0.0359375
0 0.0328125 0.4203125 0.065625 0.0484375
0 0.04609375 0.365625 0.053125 0.0375
0 0.0890625 0.24140625 0.046875 0.0515625
0 0.24453125 0.74140625 0.0390625 0.0625
0 0.29140625 0.521875 0.0234375 0.0484375
0 0.2984375 0.3578125 0.021875 0.0359375
0 0.2296875 0.3296875 0.025 0.046875
0 0.84296875 0.13515625 0.04375 0.0328125
0 0.50234375 0.3828125 0.0265625 0.0328125
0 0.80234375 0.59140625 0.19375 0.1671875
0 0.57578125 0.675 0.0921875 0.1515625
0 0.2734375 0.64609375 0.1484375 0.209375