0 0.753125 0.40703125 0.0625 0.0890625
0 0.04609375 0.70390625 0.0921875 0.1484375
0 0.04296875 0.3796875 0.065625 0.0765625
0 0.11015625 0.08203125 0.1484375 0.1640625
0 0.2421875 0.2171875 0.0359375 0.1171875
0 0.58671875 0.82265625 0.0703125 0.15
0 0.659375 0.77265625 0.0890625 0.0859375
0 0.8078125 0.9125 0.1453125 0.14375
0 0.65390625 0.2859375 0.0328125 0.1203125
0 0.70546875 0.35546875 0.015625 0.03125
0 0.2828125 0.103125 0.040625 0.028125
0 0.36953125 0.296875 0.021875 0.0546875
0 0.21328125 0.23515625 0.0453125 0.034375
0 0.4203125 0.52890625 0.0359375 0.034375
0 0.34140625 0.73359375 0.0390625 0.0859375
0 0.284375 0.9078125 0.040625 0.078125
0 0.578125 0.2734375 0.0296875 0.021875
0 0.55234375 0.2515625 0.028125 0.021875
0 0.7328125 0.24375 0.0203125 0.06875
0 0.70859375 0.31328125 0.01875 0.0453125
0 0.884375 0.3125 0.0640625 0.08125
0 0.9140625 0.2359375 0.046875 0.1046875
0 0.93203125 0.37734375 0.046875 0.071875
0 0.88359375 0.43515625 0.0203125 0.05
0 0.67421875 0.55 0.034375 0.075
0 0.9859375 0.3484375 0.028125 0.03125
0 0.95390625 0.3640625 0.0625 0.0421875
0 0.93359375 0.31171875 0.0515625 0.03125
0 0.8765625 0.19296875 0.0421875 0.046875
0 0.7828125 0.70859375 0.0328125 0.0609375
0 0.709375 0.49609375 0.0171875 0.0484375
0 0.6828125 0.334375 0.0171875 0.0359375
0 0.74765625 0.2984375 0.0203125 0.0453125
0 0.11484375 0.1796875 0.0421875 0.0296875
0 0.4828125 0.384375 0.0234375 0.03125
0 0.2109375 0.628125 0.18125 0.15
0 0.44609375 0.6828125 0.0765625 0.146875
0 0.7421875 0.61796875 0.1265625 0.2