0 0.05703125 0.25234375 0.1 0.096875
0 0.0265625 0.51875 0.053125 0.05625
0 0.25390625 0.509375 0.0859375 0.0734375
0 0.93671875 0.471875 0.06875 0.1203125
0 0.8640625 0.34140625 0.0640625 0.0671875
0 0.9546875 0.27109375 0.046875 0.0765625
0 0.9703125 0.15390625 0.0390625 0.0671875
0 0.90390625 0.171875 0.0375 0.0984375
0 0.6984375 0.2046875 0.021875 0.109375
0 0.73828125 0.30703125 0.0234375 0.0375
0 0.7453125 0.43046875 0.015625 0.1
0 0.78359375 0.65390625 0.0234375 0.1515625
0 0.8796875 0.55703125 0.03125 0.06875
0 0.471875 0.84609375 0.0484375 0.0953125
0 0.6609375 0.94921875 0.09375 0.0421875
0 0.69765625 0.765625 0.0796875 0.046875
0 0.515625 0.45390625 0.0203125 0.059375
0 0.46015625 0.2484375 0.0234375 0.05625
0 0.25 0.240625 0.0296875 0.053125
0 0.9734375 0.2796875 0.028125 0.084375
0 0.95859375 0.3078125 0.05625 0.0234375
0 0.96953125 0.453125 0.0390625 0.0609375
0 0.7609375 0.17109375 0.0078125 0.0671875
0 0.69375 0.30703125 0.0234375 0.0234375
0 0.65390625 0.2265625 0.021875 0.0484375
0 0.546875 0.2078125 0.021875 0.0171875
0 0.40703125 0.828125 0.0125 0.0625
0 0.40625 0.67265625 0.0484375 0.0421875
0 0.2890625 0.73125 0.0125 0.034375
0 0.31953125 0.5828125 0.0234375 0.0546875
0 0.309375 0.2046875 0.028125 0.0234375
0 0.134375 0.2125 0.0390625 0.0296875
0 0.18046875 0.571875 0.009375 0.065625
0 0.50859375 0.98359375 0.0828125 0.0328125
0 0.54765625 0.37578125 0.021875 0.015625
0 0.37265625 0.5 0.190625 0.2171875
0 0.3625 0.71640625 0.1859375 0.178125
0 0.65234375 0.515625 0.059375 0.1453125
0 0.3625 0.2328125 0.0453125 0.1390625