0 0.9515625 0.26796875 0.096875 0.09375
0 0.9734375 0.53515625 0.053125 0.0546875
0 0.7453125 0.51796875 0.0828125 0.0703125
0 0.06484375 0.45703125 0.0640625 0.11875
0 0.14140625 0.32890625 0.0625 0.065625
0 0.05390625 0.25546875 0.04375 0.075
0 0.0421875 0.1375 0.0375 0.065625
0 0.1078125 0.1578125 0.034375 0.096875
0 0.31171875 0.19765625 0.01875 0.109375
0 0.26875 0.29921875 0.021875 0.0375
0 0.25703125 0.421875 0.0125 0.1
0 0.2109375 0.64375 0.01875 0.1515625
0 0.11875 0.54375 0.0296875 0.0671875
0 0.51640625 0.846875 0.0453125 0.09375
0 0.3234375 0.94296875 0.0921875 0.0390625
0 0.29296875 0.75859375 0.078125 0.04375
0 0.4859375 0.453125 0.01875 0.059375
0 0.5484375 0.25 0.021875 0.05625
0 0.75859375 0.24921875 0.028125 0.0515625
0 0.034375 0.26328125 0.025 0.0828125
0 0.0484375 0.2921875 0.05625 0.021875
0 0.03203125 0.43671875 0.0375 0.059375
0 0.25078125 0.1625 0.00625 0.0671875
0 0.31328125 0.30078125 0.0234375 0.021875
0 0.35546875 0.22109375 0.0203125 0.0484375
0 0.46328125 0.20625 0.021875 0.0171875
0 0.58125 0.83125 0.0109375 0.0625
0 0.5875 0.67578125 0.046875 0.040625
0 0.703125 0.73828125 0.0109375 0.034375
0 0.67734375 0.5890625 0.021875 0.0546875
0 0.70078125 0.21171875 0.028125 0.021875
0 0.87578125 0.22578125 0.0375 0.028125
0 0.8171875 0.5828125 0.0078125 0.065625
0 0.47421875 0.98359375 0.08125 0.0296875
0 0.45703125 0.37421875 0.021875 0.015625
0 0.6273125 0.504265625 0.18289062499999992 0.21131250000000001
0 0.630171875 0.720875 0.18028125 0.17265625
0 0.347515625 0.5106875 0.054390625000000005 0.14290625000000007
0 0.646671875 0.238 0.041031249999999984 0.13814062499999996