0 0.1125 0.17265625 0.115625 0.1125
0 0.03125 0.428125 0.0625 0.065625
0 0.25703125 0.4625 0.096875 0.0875
0 0.93359375 0.55625 0.0890625 0.1296875
0 0.88828125 0.4140625 0.075 0.078125
0 0.9796875 0.36171875 0.040625 0.0828125
0 0.959375 0.2546875 0.0546875 0.1015625
0 0.7515625 0.24765625 0.0421875 0.1109375
0 0.7703125 0.35625 0.0296875 0.0421875
0 0.7546875 0.47890625 0.034375 0.1
0 0.74921875 0.70546875 0.053125 0.1515625
0 0.86171875 0.628125 0.04375 0.071875
0 0.40625 0.834375 0.065625 0.1015625
0 0.57265625 0.9703125 0.0984375 0.059375
0 0.64375 0.7984375 0.0859375 0.0609375
0 0.52421875 0.4578125 0.03125 0.0625
0 0.509375 0.2453125 0.034375 0.059375
0 0.3046875 0.19765625 0.0390625 0.05625
0 0.9921875 0.37421875 0.015625 0.0859375
0 0.978125 0.3984375 0.04375 0.034375
0 0.9703125 0.54375 0.05 0.065625
0 0.81875 0.22734375 0.021875 0.0671875
0 0.7265625 0.34765625 0.028125 0.0265625
0 0.70390625 0.2609375 0.03125 0.0515625
0 0.6015625 0.221875 0.025 0.021875
0 0.34609375 0.8046875 0.025 0.0640625
0 0.375 0.6515625 0.0546875 0.05
0 0.2484375 0.68671875 0.01875 0.0359375
0 0.30703125 0.546875 0.034375 0.0578125
0 0.36953125 0.17421875 0.0328125 0.028125
0 0.1953125 0.1484375 0.0421875 0.0359375
0 0.17265625 0.509375 0.021875 0.065625
0 0.41640625 0.9765625 0.0859375 0.046875
0 0.5703125 0.38671875 0.025 0.0203125
0 0.375 0.47578125 0.225 0.246875
0 0.3234375 0.6859375 0.2140625 0.209375
0 0.64609375 0.54453125 0.084375 0.1515625
0 0.41640625 0.21171875 0.0703125 0.14375