0 0.3375 0.703125 0.0515625 0.065625
0 0.61015625 0.078125 0.0671875 0.15625
0 0.63125 0.090625 0.0484375 0.090625
0 0.6625 0.0296875 0.03125 0.059375
0 0.91640625 0.146875 0.0609375 0.11875
0 0.32890625 0.08515625 0.028125 0.0578125
0 0.1609375 0.11953125 0.05 0.0546875
0 0.053125 0.1515625 0.0578125 0.071875
0 0.1015625 0.48203125 0.0328125 0.1015625
0 0.11640625 0.665625 0.0359375 0.078125
0 0.1765625 0.7734375 0.0515625 0.0625
0 0.26015625 0.69375 0.025 0.0609375
0 0.4703125 0.8671875 0.059375 0.046875
0 0.2921875 0.98359375 0.071875 0.0328125
0 0.26796875 0.88515625 0.059375 0.0578125
0 0.678125 0.66953125 0.09375 0.0703125
0 0.8359375 0.7453125 0.0671875 0.1328125
0 0.67734375 0.92421875 0.10625 0.0609375
0 0.540625 0.7453125 0.03125 0.046875
0 0.221875 0.94609375 0.0296875 0.0484375
0 0.1125 0.325 0.03125 0.0625
0 0.15546875 0.29609375 0.0234375 0.053125
0 0.17109375 0.1734375 0.021875 0.0453125
0 0.25703125 0.18046875 0.0203125 0.05
0 0.36484375 0.28203125 0.0734375 0.046875
0 0.5109375 0.278125 0.0421875 0.0546875
0 0.68125 0.25078125 0.01875 0.0484375
0 0.5765625 0.2078125 0.0296875 0.034375
0 0.59140625 0.35703125 0.01875 0.0515625
0 0.54375 0.36640625 0.021875 0.0515625
0 0.6953125 0.63359375 0.025 0.059375
0 0.93671875 0.5890625 0.034375 0.0390625
0 0.1921875 0.9703125 0.06875 0.059375
0 0.3125 0.9578125 0.0453125 0.05625
0 0.36171875 0.87109375 0.0265625 0.0671875
0 0.6625 0.3265625 0.03125 0.034375
0 0.67265625 0.25859375 0.0234375 0.0453125
0 0.75859375 0.2390625 0.028125 0.0421875
0 0.37890625 0.4125 0.290625 0.253125
0 0.49140625 0.61640625 0.0859375 0.1953125
0 0.24765625 0.5078125 0.1171875 0.06875
0 0.421875 0.58671875 0.090625 0.0921875
0 0.81328125 0.2078125 0.0921875 0.2140625