0 0.73359375 0.615625 0.053125 0.065625
0 0.2203125 0.16328125 0.0703125 0.159375
0 0.2078125 0.184375 0.05 0.090625
0 0.14921875 0.13515625 0.0328125 0.078125
0 0.4796875 0.0515625 0.0296875 0.0578125
0 0.6453125 0.01953125 0.05 0.0390625
0 0.75703125 0.015625 0.0578125 0.03125
0 0.8671875 0.0203125 0.034375 0.040625
0 0.853125 0.31484375 0.034375 0.1015625
0 0.9171875 0.4875 0.0359375 0.078125
0 0.90859375 0.6109375 0.0515625 0.0625
0 0.79921875 0.57421875 0.025 0.0609375
0 0.68203125 0.8203125 0.059375 0.046875
0 0.9046875 0.8765625 0.0734375 0.0921875
0 0.87265625 0.75078125 0.059375 0.0578125
0 0.41015625 0.72890625 0.09375 0.071875
0 0.29921875 0.8640625 0.0703125 0.1328125
0 0.51875 0.959375 0.10625 0.0625
0 0.56640625 0.73984375 0.0328125 0.046875
0 0.940625 0.7875 0.0296875 0.0484375
0 0.77734375 0.17734375 0.03125 0.0625
0 0.72578125 0.16953125 0.0234375 0.053125
0 0.66015625 0.065625 0.021875 0.0453125
0 0.58515625 0.1078125 0.021875 0.05
0 0.53046875 0.2453125 0.0734375 0.0484375
0 0.39609375 0.303125 0.0421875 0.0546875
0 0.23046875 0.35078125 0.0203125 0.0484375
0 0.30703125 0.26796875 0.0296875 0.034375
0 0.35625 0.40859375 0.01875 0.0515625
0 0.40390625 0.396875 0.0234375 0.0515625
0 0.3796875 0.703125 0.0265625 0.059375
0 0.1421875 0.765625 0.034375 0.0390625
0 0.9734375 0.803125 0.053125 0.075
0 0.86328125 0.83515625 0.046875 0.05625
0 0.78203125 0.778125 0.0265625 0.0671875
0 0.27890625 0.41171875 0.03125 0.034375
0 0.2421875 0.3546875 0.0234375 0.0453125
0 0.15546875 0.37265625 0.028125 0.0421875
0 0.57265625 0.36953125 0.29375 0.2578125
0 0.55703125 0.60234375 0.0875 0.1953125
0 0.73203125 0.40078125 0.1171875 0.071875
0 0.6078125 0.5453125 0.0921875 0.0921875
0 0.09296875 0.3671875 0.0953125 0.2140625