0 0.1140625 0.0484375 0.078125 0.096875
0 0.0953125 0.14296875 0.0328125 0.0875
0 0.08125 0.2734375 0.053125 0.0578125
0 0.04453125 0.4515625 0.0359375 0.0875
0 0.0203125 0.4546875 0.040625 0.0859375
0 0.15390625 0.5984375 0.0609375 0.04375
0 0.8203125 0.2953125 0.0859375 0.05
0 0.61796875 0.0859375 0.0640625 0.09375
0 0.9234375 0.1265625 0.040625 0.059375
0 0.98828125 0.37421875 0.0234375 0.1046875
0 0.88125 0.50703125 0.053125 0.0609375
0 0.865625 0.64921875 0.05 0.0859375
0 0.63359375 0.92109375 0.1078125 0.1203125
0 0.48828125 0.7828125 0.06875 0.078125
0 0.50078125 0.7453125 0.0734375 0.0546875
0 0.57578125 0.8671875 0.05625 0.0390625
0 0.57421875 0.9015625 0.0453125 0.0328125
0 0.76640625 0.7765625 0.046875 0.0734375
0 0.7828125 0.675 0.046875 0.06875
0 0.8765625 0.88203125 0.0609375 0.05
0 0.85234375 0.96796875 0.0453125 0.0640625
0 0.8890625 0.884375 0.0234375 0.065625
0 0.93515625 0.81953125 0.034375 0.040625
0 0.9734375 0.2515625 0.04375 0.065625
0 0.89375 0.2640625 0.0203125 0.0375
0 0.89296875 0.1546875 0.025 0.0484375
0 0.79765625 0.1171875 0.0171875 0.0546875
0 0.275 0.0921875 0.0328125 0.021875
0 0.2625 0.00625 0.040625 0.0125
0 0.38671875 0.6203125 0.0328125 0.0671875
0 0.2921875 0.6734375 0.034375 0.0578125
0 0.3296875 0.39453125 0.034375 0.034375
0 0.29140625 0.2703125 0.021875 0.040625
0 0.39453125 0.2515625 0.0234375 0.065625
0 0.41484375 0.24765625 0.0265625 0.053125
0 0.48984375 0.10078125 0.040625 0.096875
0 0.37890625 0.24453125 0.028125 0.034375
0 0.540625 0.32890625 0.034375 0.040625
0 0.52734375 0.23984375 0.021875 0.0265625
0 0.6453125 0.1015625 0.01875 0.046875
0 0.63671875 0.5859375 0.071875 0.1140625
0 0.14375 0.896875 0.0828125 0.10625
0 0.4515625 0.146875 0.2203125 0.278125
0 0.175 0.1515625 0.1390625 0.1359375
0 0.4578125 0.359375 0.1421875 0.134375
0 0.28984375 0.76640625 0.328125 0.24375
0 0.67734375 0.65703125 0.2 0.178125
0 0.83046875 0.6125 0.13125 0.1046875
0 0.834375 0.5375 0.05 0.1296875