0 0.09765625 0.0546875 0.0734375 0.109375
0 0.08359375 0.1578125 0.03125 0.0875
0 0.0734375 0.2875 0.0515625 0.05625
0 0.04296875 0.4671875 0.0328125 0.0859375
0 0.01875 0.471875 0.0375 0.0859375
0 0.1578125 0.61015625 0.0609375 0.0421875
0 0.8125 0.284375 0.0859375 0.046875
0 0.60390625 0.08203125 0.0609375 0.0921875
0 0.91015625 0.11171875 0.0390625 0.0578125
0 0.98671875 0.35625 0.0265625 0.103125
0 0.88125 0.49375 0.0515625 0.0609375
0 0.8703125 0.63671875 0.046875 0.0859375
0 0.6484375 0.91640625 0.1046875 0.1171875
0 0.4984375 0.7828125 0.0671875 0.0765625
0 0.509375 0.7453125 0.071875 0.053125
0 0.58828125 0.8640625 0.0546875 0.0375
0 0.58828125 0.89921875 0.04375 0.03125
0 0.77578125 0.76640625 0.0453125 0.0734375
0 0.78828125 0.66484375 0.04375 0.06875
0 0.88984375 0.86875 0.059375 0.0484375
0 0.86953125 0.96171875 0.0421875 0.0765625
0 0.90234375 0.8703125 0.021875 0.065625
0 0.94609375 0.80390625 0.0328125 0.0390625
0 0.96484375 0.23515625 0.0421875 0.065625
0 0.88515625 0.25078125 0.01875 0.0375
0 0.88125 0.140625 0.0234375 0.0484375
0 0.784375 0.10703125 0.015625 0.0546875
0 0.2609375 0.1 0.03125 0.021875
0 0.24453125 0.01015625 0.0390625 0.0203125
0 0.390625 0.62421875 0.03125 0.0671875
0 0.2984375 0.68046875 0.0328125 0.0578125
0 0.3265625 0.40078125 0.0328125 0.0328125
0 0.28359375 0.278125 0.0203125 0.040625
0 0.3859375 0.25546875 0.021875 0.065625
0 0.40625 0.25078125 0.025 0.0515625
0 0.47578125 0.1015625 0.0375 0.096875
0 0.3703125 0.24921875 0.028125 0.034375
0 0.534375 0.32734375 0.0328125 0.0390625
0 0.51875 0.2390625 0.021875 0.0265625
0 0.63203125 0.09609375 0.0171875 0.046875
0 0.6390625 0.58125 0.06875 0.1125
0 0.1578125 0.90859375 0.0796875 0.103125
0 0.4390625 0.1484375 0.2125 0.2734375
0 0.16328125 0.16328125 0.1359375 0.1328125
0 0.45234375 0.3609375 0.1390625 0.13125
0 0.29921875 0.7734375 0.3234375 0.234375
0 0.6828125 0.65078125 0.196875 0.1734375
0 0.834375 0.60078125 0.1296875 0.1
0 0.8359375 0.52578125 0.0453125 0.128125