0 0.03828125 0.10234375 0.05625 0.1296875
0 0.03984375 0.21875 0.01875 0.0859375
0 0.0484375 0.34921875 0.0453125 0.05
0 0.04296875 0.53125 0.021875 0.084375
0 0.01953125 0.5390625 0.0265625 0.0828125
0 0.1765625 0.65703125 0.05625 0.034375
0 0.7796875 0.24296875 0.08125 0.0359375
0 0.54453125 0.071875 0.05 0.0859375
0 0.85234375 0.05859375 0.03125 0.0546875
0 0.97109375 0.2890625 0.03125 0.1
0 0.8765625 0.440625 0.04375 0.0546875
0 0.8859375 0.58359375 0.0359375 0.08125
0 0.7046875 0.89140625 0.090625 0.10625
0 0.5375 0.78046875 0.0578125 0.06875
0 0.54375 0.74140625 0.0671875 0.04375
0 0.63828125 0.8484375 0.0515625 0.03125
0 0.64296875 0.8828125 0.040625 0.0265625
0 0.81015625 0.72578125 0.0359375 0.06875
0 0.80859375 0.6234375 0.0359375 0.0640625
0 0.9375 0.8109375 0.0546875 0.040625
0 0.934375 0.93359375 0.0234375 0.13125
0 0.95 0.8109375 0.0125 0.0640625
0 0.984375 0.7390625 0.028125 0.0359375
0 0.9234375 0.1734375 0.034375 0.0609375
0 0.846875 0.19921875 0.0140625 0.0359375
0 0.82734375 0.09140625 0.0171875 0.046875
0 0.7265625 0.07109375 0.0078125 0.0546875
0 0.2078125 0.1375 0.0296875 0.0171875
0 0.17890625 0.04453125 0.0359375 0.0296875
0 0.409375 0.63828125 0.021875 0.0640625
0 0.32578125 0.70703125 0.025 0.0546875
0 0.3140625 0.42578125 0.0296875 0.0296875
0 0.2546875 0.31015625 0.015625 0.0390625
0 0.353125 0.2734375 0.0125 0.0640625
0 0.37265625 0.26640625 0.01875 0.05
0 0.4203125 0.10859375 0.025 0.09375
0 0.33671875 0.26953125 0.0234375 0.03125
0 0.51015625 0.32421875 0.028125 0.0359375
0 0.48203125 0.2390625 0.01875 0.0234375
0 0.57421875 0.08203125 0.0109375 0.0453125
0 0.64921875 0.5609375 0.0546875 0.10625
0 0.21796875 0.95234375 0.0671875 0.0953125
0 0.390921875 0.160390625 0.17873437499999997 0.251671875
0 0.119796875 0.21359374999999997 0.12084375 0.11746875000000001
0 0.43371875 0.368828125 0.12370312499999998 0.11542187500000001
0 0.3395 0.7989375 0.299125 0.19439062499999996
0 0.702140625 0.623734375 0.17696874999999998 0.15023437499999998
0 0.8452968750000001 0.553578125 0.11876562499999999 0.08492187500000004
0 0.8360156249999999 0.478828125 0.027953125000000155 0.12604687499999995