0 0.05625 0.20546875 0.109375 0.25
0 0.90234375 0.28125 0.03125 0.0796875
0 0.22109375 0.496875 0.1 0.0828125
0 0.15234375 0.68203125 0.1015625 0.059375
0 0.1046875 0.69296875 0.0296875 0.034375
0 0.31796875 0.69765625 0.0640625 0.0796875
0 0.4609375 0.7375 0.071875 0.0515625
0 0.47890625 0.6984375 0.046875 0.034375
0 0.28203125 0.82421875 0.05625 0.071875
0 0.1796875 0.8484375 0.0265625 0.090625
0 0.41171875 0.78203125 0.046875 0.053125
0 0.8203125 0.91875 0.0375 0.1234375
0 0.76875 0.928125 0.0359375 0.05
0 0.834375 0.78359375 0.0203125 0.06875
0 0.9625 0.6921875 0.0390625 0.078125
0 0.834375 0.45078125 0.0421875 0.0546875
0 0.8296875 0.559375 0.0453125 0.09375
0 0.77265625 0.60390625 0.025 0.0484375
0 0.91328125 0.809375 0.0515625 0.0265625
0 0.8796875 0.96015625 0.0515625 0.0296875
0 0.13828125 0.465625 0.05625 0.046875
0 0.0765625 0.496875 0.0140625 0.0765625
0 0.478125 0.31953125 0.0375 0.0453125
0 0.525 0.30546875 0.0296875 0.05
0 0.5984375 0.0671875 0.015625 0.0734375
0 0.66484375 0.0734375 0.0125 0.0359375
0 0.7671875 0.1328125 0.015625 0.0453125
0 0.79453125 0.1046875 0.0203125 0.071875
0 0.8875 0.165625 0.0265625 0.0453125
0 0.915625 0.0515625 0.0109375 0.04375
0 0.96015625 0.10234375 0.0125 0.053125
0 0.975 0.33125 0.0140625 0.0625
0 0.428125 0.3609375 0.0203125 0.040625
0 0.37421875 0.32734375 0.034375 0.025
0 0.2515625 0.14453125 0.040625 0.0453125
0 0.3046875 0.05234375 0.0140625 0.04375
0 0.2265625 0.0515625 0.01875 0.04375
0 0.10234375 0.053125 0.0203125 0.04375
0 0.05390625 0.15546875 0.025 0.084375
0 0.09140625 0.20859375 0.0109375 0.0765625
0 0.21875 0.3265625 0.0140625 0.0546875
0 0.2515625 0.26484375 0.0328125 0.0265625
0 0.28515625 0.34921875 0.0171875 0.0296875
0 0.37421875 0.31171875 0.0265625 0.0296875
0 0.04375 0.53125 0.0203125 0.059375
0 0.06640625 0.528125 0.028125 0.034375
0 0.540625 0.82421875 0.0515625 0.0359375
0 0.57109375 0.85546875 0.034375 0.1
0 0.503328125 0.625890625 0.16832812500000002 0.10143749999999993
0 0.8029375 0.6590625 0.10350000000000001 0.12403125
0 0.70665625 0.4915 0.030421875000000043 0.14515624999999996
0 0.59128125 0.21134375 0.08306249999999996 0.14420312500000004
0 0.76534375 0.31290625 0.05054687500000003 0.06609375000000002
0 0.491109375 0.8495312500000001 0.17284375000000002 0.0737187500000001