0 0.8921875 0.13984375 0.146875 0.2640625
0 0.06875 0.346875 0.04375 0.084375
0 0.775 0.453125 0.1125 0.096875
0 0.871875 0.62578125 0.109375 0.075
0 0.9203125 0.62890625 0.034375 0.0390625
0 0.7109375 0.66640625 0.075 0.0890625
0 0.57578125 0.728125 0.0796875 0.0625
0 0.5515625 0.69296875 0.0515625 0.040625
0 0.765625 0.7859375 0.0671875 0.0796875
0 0.87109375 0.79375 0.040625 0.09375
0 0.63125 0.76484375 0.0546875 0.059375
0 0.2484375 0.95 0.05625 0.1
0 0.3015625 0.96484375 0.04375 0.0546875
0 0.2140625 0.83203125 0.03125 0.0703125
0 0.0734375 0.7625 0.0515625 0.0828125
0 0.16171875 0.50390625 0.05 0.0609375
0 0.18359375 0.61015625 0.059375 0.1
0 0.246875 0.6453125 0.0328125 0.0515625
0 0.13984375 0.8703125 0.0546875 0.034375
0 0.8515625 0.409375 0.0625 0.0546875
0 0.91796875 0.43046875 0.0265625 0.078125
0 0.49375 0.31796875 0.04375 0.05
0 0.44453125 0.31171875 0.0375 0.0546875
0 0.33515625 0.08828125 0.0265625 0.075
0 0.2703125 0.1046875 0.0171875 0.0375
0 0.17890625 0.17890625 0.021875 0.046875
0 0.146875 0.15546875 0.03125 0.0734375
0 0.06484375 0.23046875 0.0328125 0.0484375
0 0.01953125 0.121875 0.0171875 0.0453125
0 0.0078125 0.40703125 0.015625 0.0640625
0 0.54921875 0.3515625 0.0265625 0.04375
0 0.596875 0.31015625 0.0375 0.0296875
0 0.68984375 0.11015625 0.046875 0.0515625
0 0.62265625 0.02734375 0.0203125 0.0453125
0 0.7 0.01875 0.025 0.0375
0 0.82265625 0.009375 0.0265625 0.01875
0 0.88671875 0.08984375 0.0375 0.0875
0 0.8578125 0.1484375 0.0234375 0.0765625
0 0.75078125 0.284375 0.021875 0.05625
0 0.70859375 0.22890625 0.0359375 0.03125
0 0.68828125 0.3171875 0.021875 0.03125
0 0.59453125 0.29453125 0.03125 0.0328125
0 0.95546875 0.459375 0.0296875 0.0625
0 0.9328125 0.46015625 0.0328125 0.0390625
0 0.5109375 0.8265625 0.05625 0.04375
0 0.48515625 0.8625 0.05 0.1046875
0 0.51640625 0.625 0.1828125 0.1265625
0 0.22578125 0.7046875 0.121875 0.1390625
0 0.29453125 0.52421875 0.053125 0.1484375
0 0.36484375 0.22890625 0.1046875 0.1546875
0 0.20859375 0.35703125 0.0609375 0.0734375
0 0.56328125 0.84375 0.1828125 0.1