0 0.87890625 0.1296875 0.1546875 0.259375
0 0.06328125 0.36171875 0.0453125 0.084375
0 0.7734375 0.44375 0.1140625 0.1
0 0.87578125 0.6125 0.1109375 0.078125
0 0.925 0.6140625 0.0359375 0.0390625
0 0.71640625 0.659375 0.078125 0.090625
0 0.58359375 0.72578125 0.0796875 0.0640625
0 0.55859375 0.690625 0.053125 0.0421875
0 0.77578125 0.7765625 0.06875 0.08125
0 0.88125 0.78125 0.04375 0.09375
0 0.640625 0.76015625 0.05625 0.0609375
0 0.26484375 0.95390625 0.0609375 0.0921875
0 0.31796875 0.971875 0.0453125 0.05625
0 0.22578125 0.8421875 0.0328125 0.071875
0 0.0828125 0.7765625 0.053125 0.084375
0 0.1625 0.515625 0.0515625 0.0625
0 0.1875 0.62109375 0.0625 0.1
0 0.25234375 0.65390625 0.034375 0.0515625
0 0.153125 0.8828125 0.05625 0.0359375
0 0.8484375 0.396875 0.0640625 0.05625
0 0.91484375 0.41640625 0.028125 0.078125
0 0.48671875 0.31875 0.0453125 0.0515625
0 0.43828125 0.3140625 0.0390625 0.0546875
0 0.32109375 0.09375 0.0296875 0.075
0 0.25703125 0.1125 0.01875 0.0375
0 0.16796875 0.190625 0.0234375 0.046875
0 0.13515625 0.16796875 0.034375 0.075
0 0.05546875 0.24609375 0.034375 0.05
0 0.0078125 0.13828125 0.015625 0.0453125
0 0.00703125 0.42421875 0.0140625 0.0640625
0 0.54375 0.35 0.028125 0.04375
0 0.590625 0.30625 0.0390625 0.03125
0 0.67578125 0.10390625 0.0484375 0.0515625
0 0.60625 0.0234375 0.021875 0.0453125
0 0.68203125 0.015625 0.0265625 0.03125
0 0.871875 0.0765625 0.040625 0.0875
0 0.8453125 0.1359375 0.025 0.0765625
0 0.74296875 0.27578125 0.025 0.05625
0 0.69921875 0.221875 0.0375 0.0328125
0 0.68203125 0.3109375 0.021875 0.0328125
0 0.5875 0.29140625 0.03125 0.034375
0 0.95390625 0.44375 0.03125 0.0625
0 0.93125 0.44453125 0.034375 0.0390625
0 0.521875 0.82578125 0.0578125 0.0453125
0 0.49765625 0.8625 0.053125 0.1046875
0 0.52109375 0.62421875 0.184375 0.13125
0 0.2328125 0.7140625 0.125 0.1421875
0 0.2953125 0.53125 0.0578125 0.1484375
0 0.35546875 0.234375 0.109375 0.1578125
0 0.20390625 0.3671875 0.0625 0.075
0 0.57578125 0.84140625 0.184375 0.1046875