0 0.87734375 0.0640625 0.04375 0.0671875
0 0.97578125 0.28046875 0.0453125 0.1234375
0 0.97265625 0.2515625 0.05 0.0953125
0 0.25234375 0.0984375 0.0453125 0.040625
0 0.35625 0.059375 0.0125 0.0546875
0 0.45625 0.1140625 0.025 0.059375
0 0.609375 0.190625 0.0296875 0.0609375
0 0.6453125 0.14921875 0.03125 0.05
0 0.7546875 0.14296875 0.028125 0.03125
0 0.6828125 0.78046875 0.0609375 0.0453125
0 0.290625 0.81640625 0.0796875 0.0953125
0 0.2515625 0.63125 0.05 0.0546875
0 0.41328125 0.62265625 0.05 0.065625
0 0.48203125 0.67421875 0.0125 0.071875
0 0.52734375 0.78125 0.059375 0.0359375
0 0.54609375 0.91875 0.0359375 0.046875
0 0.584375 0.93203125 0.0453125 0.0296875
0 0.49296875 0.9671875 0.065625 0.0640625
0 0.68671875 0.884375 0.034375 0.0359375
0 0.75 0.90546875 0.0265625 0.040625
0 0.84609375 0.97578125 0.0390625 0.040625
0 0.96875 0.921875 0.0609375 0.0921875
0 0.871875 0.54375 0.03125 0.1015625
0 0.5109375 0.34375 0.053125 0.0265625
0 0.3421875 0.34765625 0.0453125 0.0625
0 0.384375 0.34609375 0.03125 0.0359375
0 0.22265625 0.18671875 0.0359375 0.10625
0 0.05625 0.096875 0.078125 0.1265625
0 0.15625 0.3125 0.065625 0.03125
0 0.16328125 0.55703125 0.028125 0.040625
0 0.46328125 0.25078125 0.025 0.04375
0 0.43125 0.21171875 0.028125 0.0078125
0 0.290625 0.2515625 0.0125 0.053125
0 0.4359375 0.33046875 0.0375 0.01875
0 0.20625 0.15546875 0.0234375 0.0671875
0 0.604046875 0.65046875 0.06690625000000008 0.14121875
0 0.9546875 0.48324999999999996 0.090625 0.07553125000000005
0 0.44787499999999997 0.518671875 0.04260937499999997 0.14637499999999992
0 0.29584375 0.505046875 0.08956249999999999 0.08473437500000003
0 0.382234375 0.66496875 0.09885937499999997 0.12332812499999993
0 0.41209375000000004 0.8965937500000001 0.041437499999999974 0.1490937500000001
0 0.3265 0.866109375 0.08139062499999997 0.09001562499999985