0 0.14609375 0.04453125 0.046875 0.06875
0 0.03671875 0.25625 0.0515625 0.125
0 0.040625 0.22734375 0.0546875 0.0984375
0 0.76796875 0.11171875 0.046875 0.0421875
0 0.66640625 0.0671875 0.015625 0.0546875
0 0.5640625 0.1171875 0.028125 0.0609375
0 0.40703125 0.18515625 0.0328125 0.0625
0 0.3734375 0.1421875 0.034375 0.0515625
0 0.2640625 0.13046875 0.0296875 0.0328125
0 0.303125 0.7703125 0.0625 0.0484375
0 0.6921875 0.8265625 0.084375 0.1
0 0.74140625 0.64375 0.053125 0.0578125
0 0.58046875 0.62734375 0.053125 0.06875
0 0.50859375 0.675 0.015625 0.071875
0 0.4578125 0.7796875 0.0609375 0.0390625
0 0.43203125 0.915625 0.0390625 0.0484375
0 0.39296875 0.92734375 0.046875 0.03125
0 0.4828125 0.96640625 0.06875 0.0671875
0 0.29375 0.87421875 0.0359375 0.0375
0 0.22890625 0.8921875 0.028125 0.0421875
0 0.1296875 0.95703125 0.040625 0.0421875
0 0.02109375 0.89609375 0.0421875 0.0953125
0 0.1265625 0.52421875 0.0359375 0.103125
0 0.496875 0.34375 0.0546875 0.0296875
0 0.665625 0.35625 0.0484375 0.0640625
0 0.6234375 0.35234375 0.0328125 0.0375
0 0.79375 0.2015625 0.0421875 0.1078125
0 0.9609375 0.1203125 0.078125 0.13125
0 0.853125 0.33046875 0.0671875 0.034375
0 0.83359375 0.57421875 0.0296875 0.0421875
0 0.55 0.253125 0.0265625 0.0453125
0 0.58359375 0.215625 0.028125 0.009375
0 0.721875 0.2625 0.015625 0.053125
0 0.57265625 0.334375 0.0390625 0.0203125
0 0.81171875 0.17109375 0.0265625 0.06875
0 0.38828125 0.64453125 0.0734375 0.14375
0 0.046875 0.459375 0.09375 0.0796875
0 0.55078125 0.52109375 0.05 0.1484375
0 0.70390625 0.515625 0.09375 0.0890625
0 0.60859375 0.67109375 0.1046875 0.128125
0 0.5671875 0.90078125 0.0484375 0.1515625
0 0.65390625 0.875 0.0859375 0.09375