0 0.8375 0.03359375 0.05 0.0671875
0 0.9546875 0.23984375 0.05625 0.1265625
0 0.94921875 0.2109375 0.0578125 0.1
0 0.21796875 0.121875 0.0484375 0.04375
0 0.31875 0.0734375 0.0171875 0.05625
0 0.42265625 0.11953125 0.0296875 0.0609375
0 0.58203125 0.18203125 0.034375 0.0640625
0 0.6140625 0.1375 0.0359375 0.053125
0 0.72265625 0.121875 0.03125 0.0328125
0 0.70625 0.76328125 0.0640625 0.05
0 0.31875 0.83359375 0.0875 0.1015625
0 0.2640625 0.65234375 0.0546875 0.059375
0 0.42421875 0.6296875 0.05625 0.0703125
0 0.49765625 0.675 0.01875 0.0734375
0 0.5515625 0.778125 0.0625 0.040625
0 0.58203125 0.91328125 0.040625 0.05
0 0.621875 0.92265625 0.0484375 0.0328125
0 0.53359375 0.965625 0.0703125 0.06875
0 0.71953125 0.86640625 0.0375 0.0390625
0 0.784375 0.88203125 0.0296875 0.0421875
0 0.8859375 0.94375 0.0421875 0.04375
0 0.984375 0.8796875 0.03125 0.096875
0 0.87421875 0.5109375 0.040625 0.103125
0 0.49765625 0.34375 0.0546875 0.03125
0 0.3296875 0.36171875 0.05 0.065625
0 0.37109375 0.35703125 0.034375 0.0390625
0 0.19609375 0.21171875 0.0453125 0.109375
0 0.03359375 0.13671875 0.0671875 0.1328125
0 0.14140625 0.34296875 0.06875 0.0375
0 0.16953125 0.5859375 0.03125 0.0421875
0 0.44140625 0.2546875 0.028125 0.0453125
0 0.40625 0.21875 0.028125 0.0109375
0 0.26953125 0.27109375 0.0171875 0.0546875
0 0.42109375 0.33671875 0.0390625 0.021875
0 0.17734375 0.18203125 0.0296875 0.06875
0 0.61640625 0.640625 0.0796875 0.146875
0 0.9515625 0.44375 0.096875 0.0828125
0 0.45 0.5234375 0.0546875 0.15
0 0.296875 0.52265625 0.096875 0.0921875
0 0.396875 0.67421875 0.109375 0.13125
0 0.446875 0.903125 0.0546875 0.1515625
0 0.359375 0.8796875 0.0890625 0.096875