0 0.3734375 0.65625 0.0484375 0.04375
0 0.1234375 0.19453125 0.0515625 0.05
0 0.065625 0.315625 0.053125 0.0328125
0 0.05390625 0.36953125 0.05 0.0515625
0 0.1171875 0.425 0.040625 0.0328125
0 0.6390625 0.8875 0.0578125 0.0328125
0 0.646875 0.3890625 0.0296875 0.025
0 0.42109375 0.6984375 0.03125 0.053125
0 0.45859375 0.66875 0.021875 0.03125
0 0.43984375 0.73203125 0.0234375 0.0265625
0 0.5171875 0.5453125 0.0234375 0.0296875
0 0.75 0.4875 0.0171875 0.03125
0 0.81484375 0.33203125 0.0296875 0.0484375