0 0.36015625 0.64453125 0.0515625 0.046875
0 0.1515625 0.16328125 0.0546875 0.053125
0 0.0828125 0.278125 0.0546875 0.0375
0 0.0671875 0.33125 0.053125 0.0546875
0 0.12578125 0.3921875 0.0421875 0.0359375
0 0.6046875 0.8984375 0.059375 0.0359375
0 0.65625 0.40234375 0.03125 0.0265625
0 0.40390625 0.690625 0.0359375 0.0546875
0 0.44453125 0.6640625 0.0234375 0.0328125
0 0.41953125 0.72578125 0.025 0.028125
0 0.51328125 0.54609375 0.025 0.03125
0 0.75078125 0.509375 0.01875 0.03125
0 0.828125 0.36015625 0.0328125 0.05