0 0.63984375 0.7734375 0.096875 0.090625
0 0.04921875 0.15 0.065625 0.1140625
0 0.909375 0.2578125 0.04375 0.134375
0 0.709375 0.64609375 0.071875 0.0421875
0 0.43125 0.76875 0.0578125 0.04375
0 0.43984375 0.946875 0.034375 0.059375
0 0.41953125 0.984375 0.0546875 0.0234375
0 0.6328125 0.96796875 0.065625 0.0640625
0 0.6171875 0.915625 0.0390625 0.03125
0 0.484375 0.86875 0.03125 0.0265625
0 0.33046875 0.90234375 0.0609375 0.025
0 0.14453125 0.896875 0.0359375 0.0734375
0 0.2375 0.79296875 0.0625 0.0609375
0 0.2796875 0.853125 0.04375 0.034375
0 0.04453125 0.9203125 0.05625 0.05
0 0.14140625 0.3953125 0.0296875 0.0578125
0 0.8015625 0.5640625 0.065625 0.0296875
0 0.62890625 0.42421875 0.01875 0.0453125
0 0.4609375 0.32734375 0.053125 0.028125
0 0.59375 0.28046875 0.021875 0.0484375
0 0.56953125 0.1890625 0.03125 0.01875
0 0.5609375 0.1578125 0.015625 0.04375
0 0.41640625 0.07578125 0.021875 0.08125
0 0.36171875 0.03671875 0.028125 0.03125
0 0.3203125 0.06640625 0.015625 0.05
0 0.74375 0.07890625 0.046875 0.071875
0 0.71171875 0.053125 0.025 0.025
0 0.7296875 0.17890625 0.0140625 0.0375
0 0.75078125 0.128125 0.0234375 0.028125
0 0.80234375 0.2421875 0.0234375 0.0578125
0 0.95546875 0.28671875 0.05 0.0328125
0 0.55 0.29296875 0.0390625 0.01875
0 0.5859375 0.40625 0.0359375 0.1546875
0 0.64453125 0.4765625 0.0921875 0.0671875
0 0.35546875 0.54609375 0.0984375 0.1171875
0 0.19453125 0.3515625 0.0265625 0.1390625
0 0.53671875 0.553125 0.071875 0.0546875
0 0.54921875 0.75703125 0.0390625 0.1078125
0 0.56328125 0.82421875 0.040625 0.1421875
0 0.77109375 0.2859375 0.06875 0.075