0 0.34609375 0.765625 0.0921875 0.0859375
0 0.96875 0.17421875 0.059375 0.1109375
0 0.10390625 0.23671875 0.0375 0.1328125
0 0.28359375 0.63515625 0.0703125 0.0390625
0 0.5546875 0.771875 0.05625 0.040625
0 0.53671875 0.94921875 0.03125 0.0578125
0 0.5546875 0.98828125 0.053125 0.0203125
0 0.34296875 0.9625 0.0625 0.065625
0 0.3609375 0.90859375 0.0375 0.0296875
0 0.49609375 0.86875 0.0296875 0.025
0 0.6484375 0.9109375 0.059375 0.021875
0 0.834375 0.91484375 0.0328125 0.071875
0 0.746875 0.80625 0.059375 0.0578125
0 0.7015625 0.8640625 0.0421875 0.0328125
0 0.9328125 0.94375 0.053125 0.046875
0 0.86328125 0.4140625 0.0265625 0.05625
0 0.1953125 0.5484375 0.0640625 0.0265625
0 0.375 0.4171875 0.0171875 0.04375
0 0.54765625 0.3296875 0.0515625 0.025
0 0.41796875 0.27578125 0.01875 0.046875
0 0.446875 0.1859375 0.0296875 0.0171875
0 0.45703125 0.15546875 0.0140625 0.04375
0 0.60546875 0.08046875 0.0171875 0.0796875
0 0.6625 0.04453125 0.0265625 0.0296875
0 0.70234375 0.0765625 0.0125 0.05
0 0.27890625 0.06640625 0.04375 0.0703125
0 0.31171875 0.04296875 0.0234375 0.0234375
0 0.2875 0.1671875 0.0125 0.0375
0 0.26875 0.115625 0.021875 0.0265625
0 0.21171875 0.2265625 0.0203125 0.05625
0 0.05625 0.26328125 0.0484375 0.0296875
0 0.4609375 0.290625 0.0375 0.0171875
0 0.419046875 0.4015625 0.02754687499999999 0.15276562499999996
0 0.356875 0.46892187500000004 0.08937499999999998 0.0625
0 0.641546875 0.553484375 0.09190625000000008 0.11287500000000002
0 0.8125781249999999 0.3674375 0.018921874999999845 0.13765624999999995
0 0.46071875 0.550875 0.06920312499999995 0.051406249999999966
0 0.437109375 0.75446875 0.033578125000000014 0.10546875
0 0.419484375 0.820375 0.03270312499999992 0.14039062499999994
0 0.24071875 0.27228125 0.0654375 0.07234375000000001