0 0.36015625 0.7734375 0.096875 0.090625
0 0.95078125 0.15 0.065625 0.1140625
0 0.090625 0.2578125 0.04375 0.134375
0 0.290625 0.64609375 0.071875 0.0421875
0 0.56875 0.76875 0.0578125 0.04375
0 0.56015625 0.946875 0.034375 0.059375
0 0.58046875 0.984375 0.0546875 0.0234375
0 0.3671875 0.96796875 0.065625 0.0640625
0 0.3828125 0.915625 0.0390625 0.03125
0 0.515625 0.86875 0.03125 0.0265625
0 0.66953125 0.90234375 0.0609375 0.025
0 0.85546875 0.896875 0.0359375 0.0734375
0 0.7625 0.79296875 0.0625 0.0609375
0 0.7203125 0.853125 0.04375 0.034375
0 0.95546875 0.9203125 0.05625 0.05
0 0.85859375 0.3953125 0.0296875 0.0578125
0 0.1984375 0.5640625 0.065625 0.0296875
0 0.37109375 0.42421875 0.01875 0.0453125
0 0.5390625 0.32734375 0.053125 0.028125
0 0.40625 0.28046875 0.021875 0.0484375
0 0.43046875 0.1890625 0.03125 0.01875
0 0.4390625 0.1578125 0.015625 0.04375
0 0.58359375 0.07578125 0.021875 0.08125
0 0.63828125 0.03671875 0.028125 0.03125
0 0.6796875 0.06640625 0.015625 0.05
0 0.25625 0.07890625 0.046875 0.071875
0 0.28828125 0.053125 0.025 0.025
0 0.2703125 0.17890625 0.0140625 0.0375
0 0.24921875 0.128125 0.0234375 0.028125
0 0.19765625 0.2421875 0.0234375 0.0578125
0 0.04453125 0.28671875 0.05 0.0328125
0 0.45 0.29296875 0.0390625 0.01875
0 0.4140625 0.40625 0.0359375 0.1546875
0 0.35546875 0.4765625 0.0921875 0.0671875
0 0.64453125 0.54609375 0.0984375 0.1171875
0 0.80546875 0.3515625 0.0265625 0.1390625
0 0.46328125 0.553125 0.071875 0.0546875
0 0.45078125 0.75703125 0.0390625 0.1078125
0 0.43671875 0.82421875 0.040625 0.1421875
0 0.22890625 0.2859375 0.06875 0.075