0 0.4359375 0.94375 0.1484375 0.10625
0 0.540625 0.76875 0.0234375 0.03125
0 0.521875 0.853125 0.0515625 0.021875
0 0.76953125 0.85 0.065625 0.0390625
0 0.79296875 0.88125 0.04375 0.065625
0 0.68359375 0.92265625 0.0578125 0.0265625
0 0.6921875 0.87421875 0.05 0.021875
0 0.98046875 0.62890625 0.0359375 0.05625
0 0.96328125 0.196875 0.06875 0.1078125
0 0.96015625 0.18203125 0.05 0.046875
0 0.66796875 0.07421875 0.0375 0.0296875
0 0.57421875 0.0515625 0.0265625 0.04375
0 0.41015625 0.24921875 0.0203125 0.04375
0 0.4359375 0.15078125 0.028125 0.0390625
0 0.2890625 0.08125 0.01875 0.1
0 0.33125 0.065625 0.0359375 0.0703125
0 0.1234375 0.44375 0.0609375 0.0875
0 0.2703125 0.51953125 0.05 0.025
0 0.36328125 0.5484375 0.0125 0.05625
0 0.44765625 0.315625 0.034375 0.021875
0 0.53359375 0.36953125 0.0390625 0.059375
0 0.43515625 0.21171875 0.0328125 0.0125
0 0.39609375 0.12265625 0.025 0.015625
0 0.83359375 0.41328125 0.021875 0.06875
0 0.29375 0.8984375 0.034375 0.0265625
0 0.7011093749999999 0.30084374999999997 0.030343749999999937 0.15134375000000003
0 0.64596875 0.563203125 0.09554687499999996 0.08231249999999993
0 0.49690625 0.5535625 0.05304687500000007 0.08490625000000004
0 0.39456250000000004 0.500171875 0.04839062499999995 0.1
0 0.366265625 0.39390624999999996 0.038765625000000005 0.13746874999999997
0 0.282125 0.32975 0.051359375000000006 0.11853125000000002
0 0.396734375 0.753 0.022171874999999997 0.15564062500000003
0 0.302265625 0.663296875 0.06107812500000005 0.05437499999999993
0 0.054234375 0.116265625 0.07903125 0.050921875000000005
0 0.38481250000000006 0.8776875000000001 0.07170312500000002 0.1334687500000001