0 0.38203125 0.9328125 0.1609375 0.1234375
0 0.5078125 0.771875 0.0265625 0.034375
0 0.47890625 0.853125 0.053125 0.028125
0 0.725 0.88046875 0.0703125 0.046875
0 0.74453125 0.9140625 0.0515625 0.0703125
0 0.63046875 0.9421875 0.0609375 0.0328125
0 0.6453125 0.89453125 0.0515625 0.028125
0 0.9609375 0.68671875 0.0421875 0.0609375
0 0.978125 0.2546875 0.04375 0.115625
0 0.98359375 0.240625 0.0328125 0.053125
0 0.71875 0.09765625 0.040625 0.034375
0 0.628125 0.0640625 0.03125 0.046875
0 0.44140625 0.23984375 0.025 0.0453125
0 0.47890625 0.1453125 0.0328125 0.0421875
0 0.34140625 0.05859375 0.03125 0.1015625
0 0.38515625 0.0484375 0.04375 0.0734375
0 0.1328125 0.3984375 0.071875 0.09375
0 0.26953125 0.49140625 0.053125 0.03125
0 0.35859375 0.53125 0.01875 0.0578125
0 0.4703125 0.3109375 0.0375 0.0265625
0 0.54921875 0.37421875 0.0453125 0.0640625
0 0.47109375 0.20625 0.034375 0.015625
0 0.44296875 0.1125 0.0265625 0.01875
0 0.84140625 0.4546875 0.0296875 0.0703125
0 0.246875 0.8703125 0.0375 0.03125
0 0.72421875 0.3265625 0.0484375 0.1546875
0 0.6375 0.58046875 0.1046875 0.09375
0 0.490625 0.553125 0.0625 0.090625
0 0.3953125 0.4875 0.0609375 0.1046875
0 0.38046875 0.378125 0.0546875 0.140625
0 0.3046875 0.3046875 0.065625 0.1234375
0 0.36640625 0.73828125 0.040625 0.1578125
0 0.28359375 0.63828125 0.0671875 0.0609375
0 0.1046875 0.06484375 0.084375 0.0609375
0 0.33984375 0.8609375 0.0875 0.140625