0 0.428125 0.9421875 0.15 0.109375
0 0.5359375 0.76953125 0.0234375 0.03125
0 0.515625 0.853125 0.0515625 0.0234375
0 0.76328125 0.8546875 0.065625 0.040625
0 0.7859375 0.8859375 0.0453125 0.065625
0 0.6765625 0.92578125 0.0578125 0.028125
0 0.6859375 0.87734375 0.05 0.0234375
0 0.978125 0.6375 0.0375 0.05625
0 0.96640625 0.2046875 0.0671875 0.109375
0 0.965625 0.18984375 0.0515625 0.0484375
0 0.675 0.07734375 0.0375 0.0296875
0 0.58203125 0.053125 0.0265625 0.04375
0 0.41484375 0.24765625 0.0203125 0.04375
0 0.4421875 0.15 0.028125 0.0390625
0 0.29609375 0.07734375 0.0203125 0.1
0 0.3390625 0.0625 0.0375 0.0703125
0 0.12421875 0.4375 0.0625 0.0890625
0 0.2703125 0.515625 0.05 0.0265625
0 0.3625 0.54609375 0.0140625 0.05625
0 0.45078125 0.31484375 0.034375 0.021875
0 0.5359375 0.3703125 0.040625 0.059375
0 0.43984375 0.2109375 0.0328125 0.0125
0 0.40234375 0.12109375 0.025 0.015625
0 0.83515625 0.41875 0.0234375 0.06875
0 0.28671875 0.89453125 0.034375 0.0265625
0 0.7046875 0.3046875 0.0328125 0.1515625
0 0.64453125 0.565625 0.096875 0.084375
0 0.49609375 0.553125 0.0546875 0.0859375
0 0.39453125 0.4984375 0.05 0.1015625
0 0.36796875 0.39140625 0.040625 0.1375
0 0.28515625 0.32578125 0.053125 0.11875
0 0.3921875 0.75078125 0.025 0.15625
0 0.29921875 0.66015625 0.0625 0.0546875
0 0.0609375 0.10859375 0.0796875 0.0515625
0 0.378125 0.87578125 0.0734375 0.134375