0 0.44305555555555554 0.12290502793296089 0.4361111111111111 0.24581005586592178
0 0.7763888888888889 0.5572625698324022 0.3888888888888889 0.24581005586592178
0 0.5368055555555555 0.6629422718808193 0.40694444444444444 0.2579143389199255
0 0.40208333333333335 0.7569832402234636 0.5444444444444444 0.26629422718808193
0 0.6270833333333333 0.9348230912476723 0.3458333333333333 0.1303538175046555
0 0.22361111111111112 0.8985102420856611 0.44722222222222224 0.19925512104283055
0 0.6743055555555556 0.3691806331471136 0.13194444444444445 0.056797020484171325
0 0.7486111111111111 0.29329608938547486 0.05555555555555555 0.0335195530726257
0 0.9527777777777777 0.4855679702048417 0.08611111111111111 0.048417132216014895
0 0.9090277777777778 0.436219739292365 0.05416666666666667 0.028864059590316574
0 0.8069444444444445 0.4618249534450652 0.08472222222222223 0.03445065176908752
0 0.8194444444444444 0.9078212290502793 0.10555555555555556 0.074487895716946
0 0.6819444444444445 0.7369646182495344 0.10416666666666667 0.06890130353817504
0 0.6784722222222223 0.8379888268156425 0.14444444444444443 0.10521415270018622