0 0.3027916666666667 0.1272998137802607 0.3648333333333334 0.2263221601489758
0 0.7886944444444445 0.510828677839851 0.3274027777777778 0.19883612662942268
0 0.5943611111111111 0.6522346368715084 0.34149999999999997 0.20853817504655495
0 0.4973888888888889 0.765195530726257 0.4901527777777779 0.19236499068901294
0 0.7902777777777777 0.9287709497206704 0.30277777777777776 0.1424581005586592
0 0.35347222222222224 0.9357541899441341 0.4625 0.12849162011173185
0 0.6220833333333333 0.34454376163873374 0.12169444444444445 0.03783985102420855
0 0.6665277777777777 0.25900372439478586 0.04709722222222218 0.02691806331471133
0 0.9343472222222222 0.41258845437616387 0.07447222222222206 0.037467411545623844
0 0.8735416666666668 0.37162011173184356 0.047138888888888966 0.022234636871508374
0 0.7843333333333333 0.4130167597765363 0.07831944444444458 0.022728119180633118
0 0.9569444444444445 0.8440409683426443 0.08611111111111111 0.06238361266294227
0 0.7621944444444444 0.7005307262569832 0.08579166666666664 0.05656424581005587
0 0.7954166666666668 0.7991806331471136 0.1159861111111111 0.08907821229050286