0 0.6576388888888889 0.12011173184357542 0.3875 0.24022346368715083
0 0.21319444444444444 0.5242085661080075 0.3472222222222222 0.2132216014897579
0 0.4215277777777778 0.6564245810055865 0.3625 0.22439478584729983
0 0.5298611111111111 0.7644320297951583 0.5083333333333333 0.21508379888268156
0 0.25416666666666665 0.9315642458100558 0.31666666666666665 0.13687150837988826
0 0.6916666666666667 0.9264432029795159 0.475 0.14711359404096835
0 0.36180555555555555 0.3505586592178771 0.125 0.043761638733705775
0 0.3090277777777778 0.2672253258845438 0.05 0.028864059590316574
0 0.05763888888888889 0.4329608938547486 0.07777777777777778 0.040968342644320296
0 0.11388888888888889 0.3891992551210428 0.05 0.024208566108007448
0 0.2076388888888889 0.4264432029795158 0.08055555555555556 0.0260707635009311
0 0.0798611111111111 0.8645251396648045 0.09305555555555556 0.06610800744878957
0 0.2590277777777778 0.7122905027932961 0.09166666666666666 0.06052141527001862
0 0.2361111111111111 0.8123836126629422 0.125 0.09404096834264432