0 0.3 0.91796875 0.0703125 0.140625
0 0.2390625 0.59140625 0.0890625 0.0671875
0 0.61015625 0.0875 0.0515625 0.0859375
0 0.6234375 0.6765625 0.0578125 0.0375
0 0.79375 0.5671875 0.0421875 0.0640625
0 0.64140625 0.546875 0.0484375 0.0359375
0 0.57109375 0.44609375 0.034375 0.0578125
0 0.54765625 0.29140625 0.0234375 0.059375
0 0.7 0.30234375 0.0265625 0.021875
0 0.7015625 0.1515625 0.0484375 0.028125
0 0.8109375 0.3234375 0.0234375 0.053125
0 0.7734375 0.32265625 0.0171875 0.05625
0 0.1375 0.83515625 0.059375 0.0578125
0 0.10546875 0.83984375 0.0546875 0.0328125
0 0.22734375 0.84296875 0.053125 0.034375
0 0.190625 0.92421875 0.05625 0.034375
0 0.3453125 0.84296875 0.0578125 0.025
0 0.4515625 0.771875 0.03125 0.021875
0 0.42890625 0.4296875 0.01875 0.046875
0 0.509375 0.31953125 0.028125 0.0234375
0 0.48671875 0.20078125 0.028125 0.0171875
0 0.52890625 0.1375 0.028125 0.0328125
0 0.58125 0.16328125 0.0265625 0.0171875
0 0.31484375 0.0609375 0.040625 0.040625
0 0.146875 0.3546875 0.0296875 0.0640625
0 0.01484375 0.43828125 0.021875 0.034375
0 0.02109375 0.565625 0.0375 0.0484375
0 0.74296875 0.0703125 0.1515625 0.065625
0 0.85078125 0.26796875 0.090625 0.090625
0 0.64609375 0.28515625 0.0515625 0.14375
0 0.31953125 0.2359375 0.0328125 0.1453125
0 0.4015625 0.53515625 0.075 0.0515625
0 0.5296875 0.48359375 0.0453125 0.121875
0 0.50546875 0.70625 0.0671875 0.1390625