0 0.678125 0.928125 0.0625 0.1375
0 0.75546875 0.6046875 0.0859375 0.0625
0 0.41171875 0.08203125 0.046875 0.084375
0 0.3671875 0.66953125 0.05625 0.034375
0 0.203125 0.5515625 0.0390625 0.0625
0 0.35625 0.5390625 0.046875 0.0328125
0 0.43203125 0.4421875 0.03125 0.05625
0 0.46328125 0.2890625 0.0203125 0.0578125
0 0.3109375 0.2921875 0.025 0.0203125
0 0.3171875 0.14140625 0.046875 0.025
0 0.1984375 0.30703125 0.0203125 0.0515625
0 0.2359375 0.30859375 0.0140625 0.05625
0 0.84453125 0.85390625 0.05625 0.0546875
0 0.8765625 0.86015625 0.053125 0.0296875
0 0.7546875 0.85703125 0.0515625 0.03125
0 0.78671875 0.93984375 0.0546875 0.03125
0 0.63671875 0.85078125 0.05625 0.021875
0 0.534375 0.77421875 0.0296875 0.0203125
0 0.575 0.43359375 0.015625 0.046875
0 0.5 0.31953125 0.0265625 0.021875
0 0.52890625 0.2015625 0.0265625 0.015625
0 0.48984375 0.13671875 0.0265625 0.03125
0 0.43671875 0.159375 0.025 0.015625
0 0.7078125 0.07109375 0.0390625 0.0390625
0 0.86015625 0.3734375 0.0265625 0.0625
0 0.9875 0.4640625 0.0203125 0.0328125
0 0.975 0.590625 0.034375 0.046875
0 0.27995312499999997 0.058437499999999996 0.14946875000000004 0.05846875
0 0.161890625 0.249796875 0.08559375 0.08674999999999997
0 0.365484375 0.277578125 0.04346874999999999 0.14231249999999998
0 0.693984375 0.245890625 0.025484374999999913 0.14456249999999998
0 0.596140625 0.5399375 0.07334375000000008 0.04828124999999996
0 0.47087500000000004 0.481953125 0.03951562499999994 0.11979687499999994
0 0.483984375 0.7059375 0.060171874999999986 0.1358437499999999