0 0.45755274261603374 0.21734177215189876 0.16862869198312244 0.1711392405063291
0 0.07772151898734178 0.31136075949367087 0.15544303797468356 0.14598101265822783
0 0.08938818565400844 0.23240506329113925 0.17877637130801688 0.11132911392405065
0 0.3161181434599156 0.47553797468354436 0.2524683544303798 0.18784810126582283
0 0.6125527426160338 0.4620253164556962 0.17689873417721524 0.14085443037974682
0 0.9308227848101266 0.14227848101265822 0.13835443037974693 0.16424050632911388
0 0.8580801687763714 0.33069620253164556 0.21145569620253168 0.18132911392405066
0 0.9324894514767933 0.5456645569620253 0.1350210970464135 0.14825949367088614
0 0.818776371308017 0.744746835443038 0.22565400843881864 0.12335443037974689
0 0.5660759493670886 0.7216772151898735 0.18031645569620258 0.13389240506329114
0 0.30023206751054854 0.7322468354430379 0.20345991561181434 0.1483227848101266
0 0.06856540084388185 0.6598101265822784 0.1371308016877637 0.19936708860759494
0 0.6579535864978903 0.9529430379746835 0.10782700421940931 0.08009493670886059