0 0.49261603375527424 0.21044303797468356 0.19198312236286919 0.2310126582278481
0 0.8755274261603375 0.15348101265822786 0.1751054852320675 0.20253164556962025
0 0.8491561181434599 0.08544303797468354 0.19198312236286919 0.17088607594936708
0 0.6729957805907173 0.4050632911392405 0.27637130801687765 0.27848101265822783
0 0.3850210970464135 0.5063291139240507 0.1962025316455696 0.20569620253164558
0 0.05168776371308017 0.3212025316455696 0.10337552742616034 0.2120253164556962
0 0.12447257383966245 0.4762658227848101 0.23628691983122363 0.2563291139240506
0 0.08966244725738397 0.7120253164556962 0.15611814345991562 0.1962025316455696
0 0.23417721518987342 0.8607594936708861 0.23839662447257384 0.20569620253164558
0 0.47468354430379744 0.740506329113924 0.19831223628691982 0.19936708860759494
0 0.7331223628691983 0.6471518987341772 0.22151898734177214 0.22151898734177214
0 0.930379746835443 0.4873417721518987 0.13924050632911392 0.2468354430379747
0 0.4240506329113924 0.9683544303797469 0.11814345991561181 0.06329113924050633