0 0.48417721518987344 0.21044303797468356 0.18354430379746836 0.20569620253164558
0 0.09915611814345991 0.22468354430379747 0.16666666666666666 0.17721518987341772
0 0.11814345991561181 0.14873417721518986 0.1877637130801688 0.14873417721518986
0 0.3206751054852321 0.43670886075949367 0.2679324894514768 0.23734177215189872
0 0.6149789029535865 0.48575949367088606 0.1877637130801688 0.17721518987341772
0 0.9419831223628692 0.23575949367088608 0.1160337552742616 0.1930379746835443
0 0.870253164556962 0.40664556962025317 0.22573839662447256 0.22468354430379747
0 0.9240506329113924 0.6360759493670886 0.14767932489451477 0.17405063291139242
0 0.7932489451476793 0.8085443037974683 0.23417721518987342 0.16772151898734178
0 0.5453586497890295 0.7325949367088608 0.19198312236286919 0.17088607594936708
0 0.2805907172995781 0.6882911392405063 0.21518987341772153 0.189873417721519
0 0.06751054852320675 0.5680379746835443 0.1350210970464135 0.22468354430379747
0 0.6139240506329114 0.9651898734177216 0.11392405063291139 0.06962025316455696