0 0.26328125 0.078125 0.015625 0.0484375
0 0.175 0.07421875 0.0421875 0.025
0 0.2984375 0.06953125 0.0484375 0.0265625
0 0.3734375 0.059375 0.0625 0.0421875
0 0.04375 0.5859375 0.0828125 0.1171875
0 0.5671875 0.6125 0.021875 0.0875
0 0.54921875 0.571875 0.01875 0.0671875
0 0.39375 0.30546875 0.0390625 0.03125
0 0.34140625 0.2 0.0375 0.0203125
0 0.50234375 0.09453125 0.0453125 0.01875
0 0.6875 0.03515625 0.0296875 0.05
0 0.675 0.31640625 0.025 0.0328125
0 0.7046875 0.27890625 0.025 0.040625
0 0.6453125 0.8359375 0.034375 0.025
0 0.6078125 0.8296875 0.0453125 0.0546875
0 0.18984375 0.8203125 0.046875 0.0328125
0 0.11328125 0.80546875 0.0484375 0.046875
0 0.37734375 0.54375 0.0125 0.0515625
0 0.0375 0.31015625 0.0375 0.04375
0 0.67578125 0.47265625 0.021875 0.034375
0 0.28203125 0.1125 0.171875 0.103125
0 0.2578125 0.265625 0.13125 0.1125
0 0.23671875 0.5390625 0.134375 0.14375
0 0.1734375 0.51953125 0.0515625 0.03125
0 0.39765625 0.41640625 0.065625 0.046875
0 0.54375 0.35546875 0.1 0.084375
0 0.6 0.26796875 0.115625 0.04375
0 0.74375 0.73125 0.1875 0.1265625