0 0.66015625 0.04296875 0.0140625 0.046875
0 0.74609375 0.02421875 0.0421875 0.0234375
0 0.6234375 0.04140625 0.0484375 0.025
0 0.54765625 0.04375 0.0625 0.040625
0 0.96171875 0.5046875 0.0765625 0.115625
0 0.453125 0.62265625 0.01875 0.0859375
0 0.4640625 0.57890625 0.0171875 0.065625
0 0.5703125 0.28984375 0.0375 0.03125
0 0.60390625 0.17734375 0.0375 0.0203125
0 0.42734375 0.10078125 0.0453125 0.0171875
0 0.234375 0.07421875 0.028125 0.0484375
0 0.29609375 0.35 0.0234375 0.0328125
0 0.26015625 0.31796875 0.0234375 0.040625
0 0.415625 0.85625 0.034375 0.0234375
0 0.4515625 0.84296875 0.04375 0.053125
0 0.8609375 0.76171875 0.0453125 0.03125
0 0.93359375 0.73359375 0.046875 0.0453125
0 0.628125 0.521875 0.0109375 0.0515625
0 0.921875 0.23203125 0.0359375 0.0421875
0 0.32265625 0.50390625 0.0203125 0.034375
0 0.646875 0.08046875 0.16875 0.096875
0 0.69765625 0.2265625 0.128125 0.109375
0 0.76640625 0.4921875 0.1296875 0.1390625
0 0.825 0.4625 0.05 0.0296875
0 0.5859375 0.4 0.0640625 0.0453125
0 0.43203125 0.365625 0.096875 0.08125
0 0.3609375 0.2890625 0.115625 0.0390625
0 0.3 0.7703125 0.184375 0.1203125