0 0.69140625 0.05546875 0.0109375 0.046875
0 0.77890625 0.0421875 0.040625 0.0203125
0 0.65546875 0.05078125 0.046875 0.021875
0 0.5796875 0.0484375 0.059375 0.0359375
0 0.9625 0.5375 0.071875 0.1109375
0 0.44453125 0.61875 0.0125 0.0859375
0 0.45859375 0.5765625 0.0125 0.065625
0 0.58515625 0.2953125 0.0359375 0.028125
0 0.6265625 0.18515625 0.0359375 0.0171875
0 0.45546875 0.096875 0.04375 0.0140625
0 0.26484375 0.05703125 0.025 0.046875
0 0.30703125 0.3359375 0.021875 0.03125
0 0.2734375 0.3015625 0.0203125 0.0390625
0 0.390625 0.84921875 0.0328125 0.021875
0 0.42734375 0.8390625 0.040625 0.05
0 0.8421875 0.7859375 0.04375 0.028125
0 0.91640625 0.76328125 0.04375 0.0421875
0 0.6265625 0.53046875 0.0078125 0.0515625
0 0.93984375 0.2625 0.0328125 0.040625
0 0.32265625 0.49140625 0.01875 0.0328125
0 0.676015625 0.09159374999999999 0.16360937500000006 0.08589062499999998
0 0.715953125 0.24128124999999997 0.12123437500000005 0.10098437499999999
0 0.765953125 0.51103125 0.12121875000000007 0.13109374999999995
0 0.8270781250000001 0.485421875 0.048968749999999873 0.026734375000000022
0 0.59284375 0.40650000000000003 0.06118749999999995 0.040484374999999996
0 0.44153125 0.3611875 0.09195312500000004 0.07514062499999996
0 0.37596875 0.28009375 0.113671875 0.03170312500000003
0 0.281515625 0.755859375 0.17759375000000002 0.10824999999999996