0 0.5765625 0.8 0.040625 0.0359375
0 0.55390625 0.75625 0.0640625 0.0625
0 0.11796875 0.51015625 0.071875 0.040625
0 0.02109375 0.55390625 0.0421875 0.0765625
0 0.090625 0.83046875 0.0359375 0.028125
0 0.1421875 0.79609375 0.0453125 0.0453125
0 0.34296875 0.49140625 0.0515625 0.08125
0 0.3359375 0.27578125 0.0359375 0.03125
0 0.303125 0.20078125 0.0328125 0.0171875
0 0.26328125 0.11484375 0.0453125 0.03125
0 0.275 0.06640625 0.0625 0.025
0 0.6875 0.290625 0.021875 0.065625
0 0.665625 0.30078125 0.0203125 0.071875
0 0.57421875 0.5578125 0.034375 0.0796875
0 0.62734375 0.4734375 0.0515625 0.021875
0 0.5609375 0.6125 0.03125 0.0390625
0 0.15390625 0.08671875 0.0421875 0.025
0 0.52734375 0.37265625 0.0953125 0.0671875
0 0.18359375 0.290625 0.1578125 0.0890625
0 0.15 0.24921875 0.1359375 0.0671875
0 0.153125 0.5 0.1203125 0.1203125
0 0.4640625 0.45234375 0.1109375 0.0515625
0 0.69296875 0.19765625 0.0734375 0.1453125
0 0.5921875 0.68125 0.146875 0.1265625