0 0.3921875 0.790625 0.0421875 0.0390625
0 0.41953125 0.74921875 0.0671875 0.0671875
0 0.87890625 0.55 0.075 0.046875
0 0.97109375 0.60390625 0.05 0.0796875
0 0.87265625 0.871875 0.0375 0.03125
0 0.82421875 0.83203125 0.05 0.05
0 0.65703125 0.5078125 0.0578125 0.084375
0 0.68671875 0.29453125 0.0375 0.034375
0 0.7265625 0.2234375 0.0328125 0.0203125
0 0.775 0.1421875 0.046875 0.034375
0 0.76953125 0.0921875 0.0640625 0.03125
0 0.33515625 0.271875 0.028125 0.065625
0 0.35625 0.284375 0.028125 0.0703125
0 0.41953125 0.55 0.040625 0.0796875
0 0.3765625 0.46015625 0.0515625 0.0265625
0 0.428125 0.60546875 0.034375 0.040625
0 0.8875 0.12578125 0.04375 0.028125
0 0.4859375 0.37109375 0.1 0.075
0 0.83671875 0.325 0.1625 0.103125
0 0.87421875 0.2875 0.1375 0.0796875
0 0.8453125 0.5359375 0.1296875 0.128125
0 0.540625 0.45625 0.1125 0.0625
0 0.3390625 0.17890625 0.0875 0.1484375
0 0.3890625 0.67109375 0.1546875 0.1390625