0 0.465625 0.8078125 0.0359375 0.03125
0 0.48203125 0.7609375 0.05625 0.0546875
0 0.8796875 0.45703125 0.06875 0.03125
0 0.98203125 0.48671875 0.0328125 0.0734375
0 0.9515625 0.7703125 0.0328125 0.0234375
0 0.8953125 0.74375 0.040625 0.040625
0 0.65390625 0.46953125 0.040625 0.0765625
0 0.63125 0.25546875 0.0328125 0.0265625
0 0.653125 0.1765625 0.03125 0.0125
0 0.68046875 0.0859375 0.0421875 0.025
0 0.6625 0.0390625 0.0609375 0.0171875
0 0.28515625 0.31875 0.0125 0.0640625
0 0.30859375 0.32578125 0.0109375 0.0703125
0 0.434375 0.56796875 0.0234375 0.0765625
0 0.3703125 0.49140625 0.05 0.015625
0 0.45546875 0.61953125 0.0265625 0.0359375
0 0.78515625 0.04296875 0.040625 0.01875
0 0.45534375000000005 0.3779375 0.08879687500000007 0.05553124999999999
0 0.78446875 0.24884374999999997 0.150171875 0.06920312500000003
0 0.811796875 0.20290625 0.12954687500000003 0.049921874999999984
0 0.8434843750000001 0.45146875 0.10678124999999997 0.10573437499999998
0 0.529296875 0.44800000000000006 0.10634374999999992 0.03765625000000004
0 0.26659375 0.22765624999999998 0.055078125 0.13934375000000002
0 0.433875 0.692578125 0.132234375 0.10979687499999997