0 0.4234375 0.36796875 0.109375 0.090625
0 0.69609375 0.13359375 0.046875 0.0859375
0 0.66484375 0.146875 0.040625 0.078125
0 0.04296875 0.46015625 0.0796875 0.0546875
0 0.496875 0.6390625 0.08125 0.0546875
0 0.58515625 0.68203125 0.04375 0.04375
0 0.60625 0.55234375 0.0421875 0.034375
0 0.26640625 0.19296875 0.040625 0.03125
0 0.265625 0.18671875 0.0328125 0.028125
0 0.20546875 0.0953125 0.028125 0.025
0 0.08984375 0.803125 0.04375 0.0421875
0 0.0859375 0.753125 0.0390625 0.028125
0 0.1375 0.98125 0.046875 0.0375
0 0.39609375 0.52890625 0.03125 0.021875
0 0.58671875 0.40625 0.053125 0.0375
0 0.4921875 0.290625 0.2078125 0.15625
0 0.0390625 0.26875 0.078125 0.0875
0 0.48359375 0.20078125 0.1296875 0.0953125
0 0.2953125 0.45078125 0.0703125 0.05
0 0.52578125 0.67890625 0.071875 0.05625