0 0.534375 0.35078125 0.1 0.0765625
0 0.20546875 0.20625 0.0359375 0.0828125
0 0.2390625 0.21015625 0.0296875 0.0765625
0 0.92578125 0.328125 0.0765625 0.04375
0 0.54375 0.6328125 0.078125 0.04375
0 0.471875 0.69921875 0.0390625 0.0390625
0 0.4140625 0.58125 0.0390625 0.0296875
0 0.63359375 0.13828125 0.0375 0.0265625
0 0.6328125 0.13203125 0.0296875 0.0234375
0 0.66328125 0.0265625 0.025 0.021875
0 0.98046875 0.6703125 0.0390625 0.0375
0 0.96953125 0.62109375 0.0375 0.0234375
0 0.9828125 0.8578125 0.034375 0.0375
0 0.6078125 0.496875 0.0296875 0.0171875
0 0.38984375 0.4359375 0.05 0.0296875
0 0.446875 0.29765625 0.19375 0.1296875
0 0.8984375 0.1375 0.125 0.0703125
0 0.428125 0.20859375 0.1203125 0.0796875
0 0.68125 0.39296875 0.0671875 0.040625
0 0.52734375 0.678125 0.0671875 0.0484375