0 0.54453125 0.35390625 0.0953125 0.0703125
0 0.2265625 0.18671875 0.0296875 0.08125
0 0.26015625 0.19296875 0.025 0.075
0 0.93671875 0.35859375 0.0734375 0.0390625
0 0.534375 0.63515625 0.075 0.0390625
0 0.4578125 0.696875 0.0359375 0.0359375
0 0.40859375 0.575 0.0375 0.0265625
0 0.65859375 0.1484375 0.0359375 0.0234375
0 0.6578125 0.1421875 0.028125 0.021875
0 0.69609375 0.0390625 0.0234375 0.0203125
0 0.96796875 0.703125 0.0375 0.034375
0 0.96015625 0.65390625 0.0359375 0.0203125
0 0.96171875 0.890625 0.040625 0.034375
0 0.6078125 0.5046875 0.028125 0.015625
0 0.39453125 0.428125 0.0484375 0.0265625
0 0.46096875 0.294515625 0.18640624999999997 0.116796875
0 0.9225625000000001 0.165921875 0.12048437499999984 0.06275
0 0.44865625 0.20465624999999998 0.11606249999999996 0.071453125
0 0.6884375 0.40571875 0.06437500000000007 0.036093750000000036
0 0.5148906249999999 0.679796875 0.06415624999999991 0.04364062499999992