0 0.72109375 0.06171875 0.0203125 0.0671875
0 0.6953125 0.5609375 0.0875 0.05
0 0.47421875 0.44296875 0.0546875 0.0390625
0 0.428125 0.5640625 0.04375 0.05
0 0.47421875 0.678125 0.034375 0.053125
0 0.17890625 0.1890625 0.053125 0.0890625
0 0.20546875 0.165625 0.0421875 0.05
0 0.3859375 0.51328125 0.025 0.046875
0 0.50234375 0.29921875 0.0375 0.0203125
0 0.99140625 0.890625 0.0171875 0.059375
0 0.696875 0.47578125 0.04375 0.025
0 0.58046875 0.2109375 0.1109375 0.140625
0 0.7390625 0.1140625 0.1265625 0.159375
0 0.809375 0.34921875 0.06875 0.0375
0 0.68203125 0.3890625 0.0890625 0.1265625
0 0.52578125 0.37890625 0.0765625 0.0515625
0 0.740625 0.61171875 0.090625 0.05