0 0.77265625 0.0921875 0.0125 0.065625
0 0.68671875 0.584375 0.0828125 0.040625
0 0.48125 0.440625 0.0515625 0.0328125
0 0.42109375 0.5546875 0.0390625 0.0453125
0 0.45234375 0.6734375 0.028125 0.05
0 0.21953125 0.15234375 0.04375 0.084375
0 0.2484375 0.13203125 0.0375 0.0453125
0 0.02890625 0.08203125 0.0375 0.096875
0 0.38515625 0.49921875 0.0203125 0.0453125
0 0.5265625 0.30078125 0.0359375 0.015625
0 0.96640625 0.95078125 0.0625 0.0515625
0 0.6984375 0.5 0.0421875 0.0203125
0 0.614734375 0.222796875 0.09509375000000002 0.12962499999999996
0 0.784203125 0.145796875 0.10901562499999998 0.14748437499999997
0 0.82534375 0.388265625 0.06495312499999999 0.029312499999999984
0 0.6940000000000001 0.41215624999999995 0.07548437500000009 0.11770312500000002
0 0.540421875 0.38271875 0.07145312500000003 0.04320312499999997
0 0.725234375 0.6402187500000001 0.08701562500000008 0.039453125