0 0.1796875 0.128125 0.0203125 0.0671875
0 0.325 0.60625 0.0875 0.05
0 0.51171875 0.4390625 0.0546875 0.0390625
0 0.58515625 0.54453125 0.04375 0.05
0 0.56875 0.66640625 0.034375 0.053125
0 0.7359375 0.12109375 0.053125 0.0890625
0 0.7046875 0.10390625 0.0421875 0.05
0 0.91640625 0.0390625 0.0484375 0.078125
0 0.6140625 0.48515625 0.025 0.046875
0 0.44921875 0.30546875 0.0375 0.0203125
0 0.0921875 0.98671875 0.06875 0.0265625
0 0.303125 0.52421875 0.04375 0.025
0 0.35234375 0.2390625 0.1109375 0.140625
0 0.175 0.1828125 0.1265625 0.159375
0 0.16328125 0.42890625 0.06875 0.0375
0 0.296875 0.43671875 0.0890625 0.1265625
0 0.4453125 0.38828125 0.0765625 0.0515625
0 0.29375 0.66640625 0.090625 0.05