0 0.21328125 0.1265625 0.0765625 0.1421875
0 0.5578125 0.06484375 0.04375 0.0640625
0 0.8328125 0.28359375 0.0625 0.0609375
0 0.80546875 0.2375 0.0421875 0.0296875
0 0.58828125 0.559375 0.0453125 0.0421875
0 0.57578125 0.52890625 0.0328125 0.03125
0 0.53671875 0.68125 0.046875 0.046875
0 0.471875 0.51875 0.040625 0.0453125
0 0.26640625 0.6015625 0.0578125 0.078125
0 0.1328125 0.5921875 0.0859375 0.04375
0 0.22109375 0.5578125 0.071875 0.0515625
0 0.39453125 0.47578125 0.0609375 0.059375
0 0.30859375 0.20234375 0.034375 0.0625
0 0.28125 0.196875 0.0296875 0.0296875
0 0.01875 0.446875 0.0328125 0.08125
0 0.47421875 0.33359375 0.0390625 0.0328125
0 0.27578125 0.471875 0.0390625 0.0203125
0 0.209375 0.3421875 0.1171875 0.0828125
0 0.35703125 0.41015625 0.078125 0.109375