0 0.846875 0.18203125 0.0546875 0.134375
0 0.51875 0.06171875 0.034375 0.059375
0 0.21015625 0.22890625 0.0546875 0.0515625
0 0.24453125 0.18828125 0.0390625 0.0234375
0 0.03828125 0.121875 0.0375 0.078125
0 0.403125 0.54296875 0.0390625 0.0359375
0 0.4203125 0.515625 0.028125 0.0265625
0 0.43203125 0.671875 0.040625 0.040625
0 0.52421875 0.5234375 0.034375 0.040625
0 0.7125 0.640625 0.0453125 0.071875
0 0.8453125 0.6546875 0.0828125 0.0296875
0 0.76484375 0.60546875 0.065625 0.040625
0 0.6078125 0.49453125 0.053125 0.0515625
0 0.740625 0.23984375 0.025 0.059375
0 0.76796875 0.23984375 0.025 0.025
0 0.9828125 0.53125 0.01875 0.0796875
0 0.55390625 0.340625 0.034375 0.0265625
0 0.72578125 0.5109375 0.0375 0.0140625
0 0.8133593749999999 0.395296875 0.10765625000000005 0.06524999999999999
0 0.656140625 0.436203125 0.062281250000000024 0.10017187500000002