0 0.8296875 0.1640625 0.0609375 0.1375
0 0.49609375 0.06171875 0.0375 0.0609375
0 0.19609375 0.24453125 0.0578125 0.0546875
0 0.22890625 0.20234375 0.040625 0.025
0 0.01953125 0.14609375 0.0390625 0.0796875
0 0.40546875 0.54765625 0.040625 0.0375
0 0.42109375 0.51953125 0.0296875 0.028125
0 0.44140625 0.675 0.0421875 0.0421875
0 0.52578125 0.521875 0.0359375 0.0421875
0 0.71953125 0.6296875 0.0484375 0.0734375
0 0.853125 0.63671875 0.084375 0.034375
0 0.7703125 0.59140625 0.0671875 0.04375
0 0.60703125 0.4890625 0.05625 0.0546875
0 0.7265625 0.22734375 0.028125 0.0609375
0 0.75390625 0.2265625 0.0265625 0.0265625
0 0.98359375 0.50625 0.0234375 0.08125
0 0.5453125 0.33828125 0.0359375 0.028125
0 0.72578125 0.49921875 0.0375 0.015625
0 0.8078125 0.37890625 0.1109375 0.0703125
0 0.65234375 0.428125 0.0671875 0.103125