0 0.53671875 0.2171875 0.06875 0.0828125
0 0.66015625 0.56328125 0.0265625 0.08125
0 0.6375 0.5609375 0.03125 0.0640625
0 0.83203125 0.3484375 0.0453125 0.103125
0 0.83515625 0.47421875 0.034375 0.1046875
0 0.87109375 0.4234375 0.0484375 0.05
0 0.93203125 0.68203125 0.078125 0.0359375
0 0.740625 0.72734375 0.0578125 0.046875
0 0.81171875 0.640625 0.04375 0.04375
0 0.93671875 0.60546875 0.0234375 0.0390625
0 0.6953125 0.346875 0.0078125 0.05625
0 0.775 0.0625 0.015625 0.05625
0 0.7234375 0.05078125 0.0203125 0.0265625
0 0.66953125 0.071875 0.03125 0.040625
0 0.81640625 0.05859375 0.034375 0.04375
0 0.76796875 0.0578125 0.0125 0.0421875
0 0.9171875 0.0484375 0.0078125 0.0203125
0 0.971875 0.05078125 0.025 0.040625
0 0.18359375 0.271875 0.0453125 0.03125
0 0.03046875 0.1421875 0.0390625 0.0546875
0 0.21875 0.23203125 0.0171875 0.0328125
0 0.25234375 0.26953125 0.03125 0.021875
0 0.36484375 0.5203125 0.0203125 0.0484375
0 0.4203125 0.509375 0.0265625 0.028125
0 0.54453125 0.57109375 0.03125 0.0296875
0 0.57109375 0.38203125 0.028125 0.028125
0 0.7703125 0.31796875 0.0203125 0.0359375
0 0.78984375 0.24296875 0.0109375 0.04375
0 0.7328125 0.52109375 0.0265625 0.015625
0 0.65859375 0.7984375 0.0390625 0.028125
0 0.533390625 0.169828125 0.06051562500000003 0.05493749999999999