0 0.3453125 0.1984375 0.015625 0.1171875
0 0.21171875 0.290625 0.0328125 0.0953125
0 0.215625 0.21875 0.0140625 0.0515625
0 0.22265625 0.15546875 0.0265625 0.0734375
0 0.20078125 0.0703125 0.01875 0.078125
0 0.18359375 0.08828125 0.028125 0.1140625
0 0.134375 0.22578125 0.0375 0.1046875
0 0.4984375 0.46953125 0.05625 0.0203125
0 0.6984375 0.13828125 0.01875 0.0515625
0 0.25703125 0.81875 0.0390625 0.0390625
0 0.5046875 0.903125 0.0796875 0.0359375
0 0.39375 0.77578125 0.034375 0.0296875
0 0.246875 0.73828125 0.025 0.0453125
0 0.1796875 0.790625 0.0234375 0.0421875
0 0.13984375 0.740625 0.0171875 0.0265625