0 0.59453125 0.17421875 0.0375 0.11875
0 0.74296875 0.23984375 0.05 0.1
0 0.72578125 0.16953125 0.0234375 0.053125
0 0.70625 0.10859375 0.040625 0.0765625
0 0.71171875 0.03046875 0.0328125 0.0609375
0 0.73125 0.046875 0.05 0.09375
0 0.80625 0.1609375 0.05625 0.109375
0 0.49609375 0.46953125 0.059375 0.03125
0 0.2359375 0.1828125 0.028125 0.0546875
0 0.79921875 0.76640625 0.0453125 0.0453125
0 0.57265625 0.896875 0.084375 0.05
0 0.65703125 0.75078125 0.0390625 0.0359375
0 0.79375 0.6859375 0.0328125 0.05
0 0.86953125 0.72421875 0.03125 0.0453125
0 0.89921875 0.6671875 0.021875 0.0296875