0 0.57734375 0.1703125 0.04375 0.1171875
0 0.72890625 0.22734375 0.0546875 0.1
0 0.7078125 0.15859375 0.0265625 0.053125
0 0.6859375 0.0984375 0.04375 0.078125
0 0.6859375 0.025 0.0375 0.05
0 0.70703125 0.04140625 0.0546875 0.0828125
0 0.78828125 0.1453125 0.0609375 0.1109375
0 0.49453125 0.4703125 0.059375 0.0328125
0 0.2203125 0.196875 0.03125 0.0546875
0 0.8125 0.75078125 0.046875 0.046875
0 0.59296875 0.8921875 0.0859375 0.0546875
0 0.66953125 0.7421875 0.040625 0.0375
0 0.803125 0.6703125 0.0359375 0.05
0 0.88125 0.7046875 0.0328125 0.046875
0 0.9078125 0.64609375 0.0234375 0.0296875