0 0.703125 0.19765625 0.05 0.090625
0 0.7703125 0.1109375 0.059375 0.034375
0 0.5875 0.703125 0.03125 0.046875
0 0.66796875 0.50546875 0.0234375 0.025
0 0.721875 0.8234375 0.0296875 0.0375
0 0.66640625 0.88359375 0.021875 0.03125
0 0.3328125 0.48828125 0.028125 0.025
0 0.31640625 0.459375 0.0140625 0.0515625
0 0.2484375 0.471875 0.0109375 0.040625
0 0.29609375 0.071875 0.015625 0.05625
0 0.10234375 0.51953125 0.0234375 0.0984375
0 0.278125 0.45859375 0.0234375 0.01875
0 0.3046875 0.3734375 0.0203125 0.01875
0 0.22265625 0.4265625 0.0203125 0.034375
0 0.20234375 0.49609375 0.025 0.025
0 0.61484375 0.646875 0.0234375 0.0265625
0 0.48671875 0.73515625 0.0265625 0.0125