0 0.28671875 0.2046875 0.053125 0.0921875
0 0.21640625 0.1203125 0.0609375 0.0359375
0 0.41953125 0.70625 0.0328125 0.0484375
0 0.33203125 0.5109375 0.025 0.0265625
0 0.28984375 0.83125 0.03125 0.0390625
0 0.346875 0.8890625 0.0234375 0.03125
0 0.66640625 0.4828125 0.0296875 0.0265625
0 0.68203125 0.453125 0.015625 0.0515625
0 0.75078125 0.46328125 0.0125 0.040625
0 0.6890625 0.06484375 0.0171875 0.05625
0 0.8984375 0.50546875 0.0265625 0.0984375
0 0.7203125 0.45078125 0.0234375 0.0203125
0 0.690625 0.36640625 0.0203125 0.01875
0 0.775 0.4171875 0.021875 0.034375
0 0.79765625 0.4859375 0.0265625 0.0265625
0 0.390625 0.65078125 0.025 0.028125
0 0.52109375 0.734375 0.0265625 0.0140625