0 0.7234375 0.2125 0.05625 0.09375
0 0.796875 0.13046875 0.0609375 0.0390625
0 0.5734375 0.70859375 0.034375 0.0484375
0 0.6671875 0.5171875 0.025 0.0265625
0 0.6984375 0.83828125 0.0328125 0.0390625
0 0.6390625 0.89453125 0.0234375 0.0328125
0 0.334375 0.4765625 0.0296875 0.0265625
0 0.31953125 0.446875 0.0171875 0.053125
0 0.25078125 0.4546875 0.0140625 0.040625
0 0.3265625 0.05859375 0.01875 0.0578125
0 0.1015625 0.49140625 0.0296875 0.1
0 0.28125 0.44296875 0.025 0.0203125
0 0.3140625 0.36015625 0.021875 0.0203125
0 0.228125 0.40703125 0.0234375 0.0359375
0 0.203125 0.475 0.0265625 0.0265625
0 0.6046875 0.6546875 0.025 0.028125
0 0.4703125 0.73359375 0.028125 0.0140625