0 0.3046875 0.1765625 0.05625 0.1015625
0 0.240625 0.15 0.0390625 0.10625
0 0.1328125 0.10234375 0.05 0.1125
0 0.1296875 0.2609375 0.0765625 0.0875
0 0.16796875 0.26953125 0.034375 0.071875
0 0.19140625 0.27734375 0.03125 0.0640625
0 0.2203125 0.48515625 0.034375 0.090625
0 0.075 0.82421875 0.0671875 0.084375
0 0.0125 0.81875 0.025 0.075
0 0.290625 0.915625 0.06875 0.05
0 0.3640625 0.92578125 0.065625 0.0484375
0 0.42890625 0.35546875 0.0609375 0.0625
0 0.27734375 0.4359375 0.0203125 0.0515625
0 0.41171875 0.4203125 0.025 0.05625
0 0.47890625 0.24921875 0.0359375 0.0671875
0 0.590625 0.1203125 0.0328125 0.075
0 0.6171875 0.465625 0.04375 0.0390625
0 0.62578125 0.49609375 0.0328125 0.040625
0 0.36640625 0.01640625 0.0703125 0.0328125