0 0.73359375 0.203125 0.0453125 0.1
0 0.8 0.184375 0.0265625 0.1078125
0 0.9125 0.15 0.0375 0.1109375
0 0.896875 0.3078125 0.0703125 0.08125
0 0.8578125 0.31171875 0.0265625 0.0703125
0 0.83359375 0.31640625 0.025 0.0640625
0 0.7796875 0.51953125 0.0234375 0.0921875
0 0.88203125 0.8734375 0.059375 0.0796875
0 0.96171875 0.87890625 0.053125 0.0703125
0 0.65703125 0.93828125 0.0671875 0.04375
0 0.5828125 0.9390625 0.0625 0.040625
0 0.58828125 0.36484375 0.05625 0.0578125
0 0.728125 0.46328125 0.0140625 0.0515625
0 0.596875 0.43125 0.01875 0.05625
0 0.5515625 0.25390625 0.028125 0.065625
0 0.45625 0.11171875 0.025 0.075
0 0.3875 0.4515625 0.040625 0.0359375
0 0.37578125 0.48046875 0.0296875 0.0390625
0 0.6921875 0.025 0.0671875 0.05