0 0.76796875 0.23359375 0.034375 0.096875
0 0.8359375 0.2234375 0.0140625 0.10625
0 0.95234375 0.203125 0.025 0.109375
0 0.9171875 0.3578125 0.0609375 0.075
0 0.878125 0.35703125 0.01875 0.06875
0 0.853125 0.35859375 0.0171875 0.0625
0 0.775 0.553125 0.0125 0.090625
0 0.83359375 0.9171875 0.0515625 0.0734375
0 0.9125 0.93203125 0.0453125 0.065625
0 0.60234375 0.95390625 0.0625 0.0359375
0 0.52890625 0.94609375 0.059375 0.034375
0 0.60390625 0.3765625 0.05 0.0515625
0 0.73125 0.49140625 0.0078125 0.0515625
0 0.6046875 0.44375 0.0125 0.0546875
0 0.58125 0.26171875 0.0203125 0.0640625
0 0.50390625 0.109375 0.015625 0.0734375
0 0.39453125 0.43828125 0.0375 0.03125
0 0.37890625 0.465625 0.025 0.0359375
0 0.748765625 0.05209375000000001 0.061843750000000065 0.043015625