0 0.6621467391304348 0.217520325203252 0.28349184782608694 0.1399593495934959
0 0.746453804347826 0.09772357723577235 0.2507608695652173 0.12052845528455282
0 0.516195652173913 0.1168292682926829 0.2130706521739131 0.15461382113821137
0 0.39701086956521736 0.08577235772357725 0.16221467391304345 0.12034552845528457
0 0.25198369565217393 0.0799390243902439 0.12557065217391306 0.15609756097560973
0 0.07190217391304347 0.10176829268292685 0.14379076086956524 0.11845528455284554
0 0.3990896739130435 0.3275406504065041 0.2003396739130435 0.1127032520325203
0 0.4166304347826087 0.49796747967479676 0.05653532608695654 0.11821138211382107
0 0.04116847826086956 0.3755284552845528 0.0683695652173913 0.10705284552845531
0 0.06453804347826086 0.6746341463414635 0.12907608695652173 0.12936991869918696
0 0.01188858695652174 0.793109756097561 0.02377717391304348 0.05806910569105701
0 0.7033288043478261 0.8335772357723578 0.25627717391304355 0.19999999999999996
0 0.9300271739130435 0.8272357723577236 0.13994565217391305 0.11382113821138211
0 0.9144021739130435 0.5873983739837398 0.17119565217391305 0.1910569105691057
0 0.7202309782608696 0.6423373983739837 0.09762228260869561 0.08851626016260153
0 0.9159510869565217 0.292520325203252 0.1290081521739131 0.08331300813008131
0 0.9734646739130435 0.08426829268292683 0.05307065217391297 0.11733739837398374
0 0.9698777173913044 0.341280487804878 0.06023097826086947 0.1063008130081301
0 0.9772418478260869 0.4455691056910569 0.04551630434782609 0.16581300813008126