0 0.6270380434782609 0.1798780487804878 0.29483695652173914 0.21138211382113822
0 0.6956521739130435 0.06504065040650407 0.2608695652173913 0.13008130081300814
0 0.47146739130434784 0.11890243902439024 0.22826086956521738 0.2073170731707317
0 0.35054347826086957 0.11890243902439024 0.17391304347826086 0.16056910569105692
0 0.20720108695652173 0.15040650406504066 0.14130434782608695 0.18699186991869918
0 0.05434782608695652 0.21951219512195122 0.10869565217391304 0.15447154471544716
0 0.3804347826086957 0.3567073170731707 0.2105978260869565 0.16260162601626016
0 0.41779891304347827 0.5193089430894309 0.06929347826086957 0.13211382113821138
0 0.036684782608695655 0.4969512195121951 0.07336956521739131 0.12398373983739837
0 0.09171195652173914 0.7855691056910569 0.14266304347826086 0.16056910569105692
0 0.05298913043478261 0.915650406504065 0.029891304347826088 0.06300813008130081
0 0.7391304347826086 0.7754065040650406 0.2758152173913043 0.26422764227642276
0 0.9429347826086957 0.7103658536585366 0.11413043478260869 0.1483739837398374
0 0.9116847826086957 0.47764227642276424 0.1766304347826087 0.23170731707317074
0 0.7336956521739131 0.5833333333333334 0.10597826086956522 0.11178861788617886
0 0.8858695652173914 0.18800813008130082 0.13722826086956522 0.11585365853658537
0 0.9171195652173914 0.016260162601626018 0.06521739130434782 0.032520325203252036
0 0.9442934782608695 0.22154471544715448 0.07201086956521739 0.11991869918699187
0 0.9639945652173914 0.32215447154471544 0.06385869565217392 0.17479674796747968