0 0.6345108695652174 0.18699186991869918 0.29347826086956524 0.19715447154471544
0 0.7058423913043478 0.06808943089430894 0.2595108695652174 0.13617886178861788
0 0.48029891304347827 0.11686991869918699 0.22554347826086957 0.19715447154471544
0 0.359375 0.11077235772357724 0.17119565217391305 0.1524390243902439
0 0.21535326086956522 0.13516260162601626 0.13858695652173914 0.18089430894308944
0 0.057744565217391304 0.1951219512195122 0.11548913043478261 0.14634146341463414
0 0.38383152173913043 0.35060975609756095 0.20923913043478262 0.1524390243902439
0 0.4171195652173913 0.5152439024390244 0.06657608695652174 0.12804878048780488
0 0.036005434782608696 0.4725609756097561 0.07201086956521739 0.11991869918699187
0 0.08491847826086957 0.7632113821138211 0.13994565217391305 0.15447154471544716
0 0.044157608695652176 0.8922764227642277 0.028532608695652172 0.06300813008130081
0 0.7323369565217391 0.7876016260162602 0.2717391304347826 0.25203252032520324
0 0.9408967391304348 0.733739837398374 0.11820652173913043 0.14227642276422764
0 0.9123641304347826 0.49898373983739835 0.17527173913043478 0.22560975609756098
0 0.7316576086956522 0.5955284552845529 0.10461956521739131 0.10772357723577236
0 0.8926630434782609 0.20833333333333334 0.1358695652173913 0.10975609756097561
0 0.9300271739130435 0.026422764227642278 0.06385869565217392 0.052845528455284556
0 0.9504076086956522 0.24491869918699186 0.06929347826086957 0.11788617886178862
0 0.967391304347826 0.3465447154471545 0.06114130434782609 0.17276422764227642