0 0.4208860759493671 0.9578384798099763 0.2805907172995781 0.08194774346793349
0 0.24367088607594936 0.5492874109263658 0.16666666666666666 0.06532066508313539
0 0.39345991561181437 0.6787410926365796 0.16244725738396623 0.05819477434679335
0 0.5348101265822784 0.8438242280285035 0.18354430379746836 0.060570071258907364
0 0.12974683544303797 0.6270783847980997 0.07805907172995781 0.04513064133016627
0 0.6807172995780592 0.37896674584323037 0.6385654008438818 0.2087648456057007
0 0.02071729957805907 0.6372921615201901 0.04141350210970463 0.04718527315914491
0 0.16677215189873418 0.7574109263657958 0.27261603375527427 0.08396674584323045
0 0.7086075949367089 0.6516745843230404 0.08305907172995781 0.05220902612826608
0 0.7660970464135021 0.6770071258907363 0.13740506329113922 0.027434679334916758
0 0.9567510548523207 0.7167458432304038 0.08649789029535865 0.032066508313539195
0 0.8266666666666667 0.5923634204275534 0.10799578059071717 0.060688836104513026
0 0.8701054852320675 0.5248099762470309 0.061075949367088704 0.02749406175771969
0 0.9078691983122362 0.4914133016627078 0.04668776371308016 0.029548693586698333