0 0.49050632911392406 0.9560570071258907 0.29324894514767935 0.08788598574821853
0 0.2521097046413502 0.5617577197149644 0.1751054852320675 0.07363420427553444
0 0.4219409282700422 0.6834916864608076 0.17088607594936708 0.0665083135391924
0 0.5875527426160337 0.8408551068883611 0.19198312236286919 0.0688836104513064
0 0.15084388185654007 0.6448931116389549 0.08438818565400844 0.048693586698337295
0 0.6613924050632911 0.37054631828978624 0.6687763713080169 0.23871733966745842
0 0.04430379746835443 0.6603325415676959 0.04852320675105485 0.048693586698337295
0 0.20780590717299577 0.7725653206650831 0.2848101265822785 0.09738717339667459
0 0.7310126582278481 0.6407363420427553 0.09071729957805907 0.055819477434679333
0 0.7921940928270043 0.6633016627078385 0.14135021097046413 0.0344418052256532
0 0.9715189873417721 0.6935866983372921 0.056962025316455694 0.035629453681710214
0 0.8396624472573839 0.5760095011876485 0.1160337552742616 0.06532066508313539
0 0.8723628691983122 0.5065320665083135 0.06540084388185655 0.030878859857482184
0 0.9050632911392406 0.47149643705463185 0.05063291139240506 0.032066508313539195