0 0.5622362869198312 0.9519002375296912 0.30168776371308015 0.09619952494061758
0 0.2626582278481013 0.5736342042755345 0.18354430379746836 0.08076009501187649
0 0.45042194092827004 0.6864608076009501 0.17721518987341772 0.07363420427553444
0 0.640295358649789 0.834916864608076 0.20042194092827004 0.07719714964370546
0 0.17405063291139242 0.661520190023753 0.09071729957805907 0.052256532066508314
0 0.640295358649789 0.36342042755344417 0.6940928270042194 0.2684085510688836
0 0.07067510548523206 0.6823040380047506 0.05485232067510549 0.0510688836104513
0 0.2510548523206751 0.7862232779097387 0.29535864978902954 0.10926365795724466
0 0.7521097046413502 0.6288598574821853 0.0970464135021097 0.05938242280285035
0 0.8164556962025317 0.6484560570071259 0.14345991561181434 0.040380047505938245
0 0.9841772151898734 0.668646080760095 0.03164556962025317 0.040380047505938245
0 0.8502109704641351 0.5587885985748219 0.12447257383966245 0.07007125890736342
0 0.8723628691983122 0.48812351543942994 0.06962025316455696 0.0332541567695962
0 0.8987341772151899 0.4519002375296912 0.05485232067510549 0.0332541567695962