0 0.23203125 0.0125 0.0390625 0.025
0 0.22421875 0.2390625 0.0421875 0.0875
0 0.18046875 0.23125 0.053125 0.1125
0 0.14453125 0.22109375 0.053125 0.11875
0 0.07578125 0.30546875 0.028125 0.071875
0 0.12890625 0.525 0.0546875 0.103125
0 0.4375 0.328125 0.0609375 0.0765625
0 0.4015625 0.31171875 0.0234375 0.0609375
0 0.25859375 0.128125 0.0265625 0.0671875
0 0.65625 0.14296875 0.0375 0.028125
0 0.5484375 0.221875 0.0453125 0.0609375
0 0.6328125 0.4765625 0.05 0.0421875
0 0.76015625 0.4515625 0.053125 0.0578125
0 0.6328125 0.4015625 0.0234375 0.025
0 0.5171875 0.51328125 0.0296875 0.034375
0 0.6078125 0.5125 0.03125 0.034375
0 0.371875 0.52421875 0.028125 0.0390625
0 0.2671875 0.03046875 0.096875 0.0609375
0 0.16484375 0.11875 0.1375 0.10625