0 0.890625 0.0765625 0.021875 0.0671875
0 0.83359375 0.31953125 0.0203125 0.0859375
0 0.878125 0.3234375 0.025 0.109375
0 0.915625 0.32265625 0.0234375 0.1171875
0 0.96015625 0.421875 0.009375 0.071875
0 0.8515625 0.6203125 0.0296875 0.0984375
0 0.6046875 0.35 0.0453125 0.0671875
0 0.64375 0.34375 0.0078125 0.0609375
0 0.8296875 0.203125 0.009375 0.0671875
0 0.44140625 0.11484375 0.0328125 0.0203125
0 0.525 0.21875 0.0328125 0.0546875
0 0.378125 0.44296875 0.0421875 0.0328125
0 0.2609375 0.3859375 0.0421875 0.0484375
0 0.39765625 0.3703125 0.01875 0.0203125
0 0.4796875 0.50859375 0.0234375 0.0296875
0 0.3921875 0.484375 0.025 0.028125
0 0.6171875 0.55625 0.0203125 0.034375
0 0.8528593750000001 0.0823125 0.07553124999999987 0.09510937499999998
0 0.9220625 0.218453125 0.12225000000000001 0.07718749999999999