0 0.95859375 0.15078125 0.0328125 0.0703125
0 0.86015625 0.38046875 0.034375 0.0875
0 0.903125 0.39140625 0.04375 0.1125
0 0.93984375 0.39765625 0.04375 0.11875
0 0.96640625 0.503125 0.021875 0.071875
0 0.825 0.6796875 0.046875 0.1015625
0 0.62890625 0.3703125 0.05625 0.0734375
0 0.66875 0.37109375 0.01875 0.0609375
0 0.8765625 0.26484375 0.0203125 0.0671875
0 0.509375 0.11015625 0.0359375 0.025
0 0.5734375 0.22734375 0.0421875 0.059375
0 0.38984375 0.42265625 0.046875 0.0390625
0 0.284375 0.34609375 0.05 0.0546875
0 0.421875 0.3546875 0.021875 0.0234375
0 0.478125 0.5046875 0.028125 0.0328125
0 0.396875 0.465625 0.0296875 0.0328125
0 0.60546875 0.57578125 0.0265625 0.0375
0 0.9203125 0.15 0.090625 0.10625
0 0.9484375 0.2953125 0.103125 0.096875