0 0.0640625 0.15390625 0.028125 0.08125
0 0.090625 0.490625 0.0546875 0.10625
0 0.1 0.48828125 0.034375 0.103125
0 0.14296875 0.41875 0.0609375 0.0734375
0 0.0265625 0.26015625 0.0296875 0.078125
0 0.19921875 0.73203125 0.05 0.0859375
0 0.33515625 0.42734375 0.028125 0.0640625
0 0.39765625 0.29140625 0.0546875 0.084375
0 0.45859375 0.3 0.0484375 0.0546875
0 0.53203125 0.4765625 0.0359375 0.040625
0 0.67578125 0.5234375 0.0296875 0.06875
0 0.6140625 0.4515625 0.0453125 0.046875
0 0.634375 0.40234375 0.0328125 0.053125
0 0.4453125 0.134375 0.028125 0.0296875
0 0.43984375 0.61640625 0.0359375 0.03125
0 0.55546875 0.346875 0.0359375 0.021875
0 0.05234375 0.56796875 0.0375 0.0671875
0 0.27265625 0.28984375 0.15625 0.146875
0 0.078125 0.234375 0.0953125 0.1203125