0 0.8546875 0.07109375 0.0109375 0.08125
0 0.8984375 0.40546875 0.034375 0.1015625
0 0.8890625 0.40546875 0.0125 0.103125
0 0.83203125 0.34609375 0.0484375 0.0640625
0 0.91328125 0.1671875 0.0140625 0.0765625
0 0.8421875 0.66484375 0.034375 0.08125
0 0.64609375 0.39453125 0.015625 0.0625
0 0.55703125 0.275 0.0390625 0.078125
0 0.49921875 0.2953125 0.0390625 0.046875
0 0.4640625 0.48359375 0.0296875 0.0359375
0 0.3328125 0.559375 0.015625 0.0671875
0 0.378125 0.4765625 0.0375 0.040625
0 0.3484375 0.43203125 0.0234375 0.05
0 0.47734375 0.13125 0.0234375 0.025
0 0.5828125 0.6015625 0.03125 0.025
0 0.4140625 0.36171875 0.0328125 0.015625
0 0.95234375 0.4734375 0.025 0.0640625
0 0.678796875 0.24728124999999998 0.13304687499999995 0.12234375000000001
0 0.857296875 0.152125 0.07396874999999987 0.10703125000000002