0 0.9296875 0.146875 0.0265625 0.08125
0 0.909375 0.48359375 0.053125 0.10625
0 0.9 0.48125 0.03125 0.103125
0 0.85546875 0.4125 0.059375 0.071875
0 0.96953125 0.25234375 0.028125 0.078125
0 0.8046875 0.72734375 0.05 0.0859375
0 0.66328125 0.42421875 0.0265625 0.0640625
0 0.59921875 0.28984375 0.053125 0.084375
0 0.53828125 0.29921875 0.046875 0.053125
0 0.46796875 0.47734375 0.0359375 0.040625
0 0.32421875 0.5265625 0.028125 0.06875
0 0.38515625 0.45390625 0.0453125 0.046875
0 0.3640625 0.4046875 0.0328125 0.053125
0 0.5484375 0.13359375 0.028125 0.0296875
0 0.56171875 0.615625 0.0359375 0.03125
0 0.4421875 0.34765625 0.0359375 0.021875
0 0.94921875 0.56015625 0.0375 0.0671875
0 0.7234375 0.2859375 0.1546875 0.1453125
0 0.9171875 0.2265625 0.09375 0.11875