0 0.1371308016877637 0.39429928741092635 0.06540084388185655 0.03800475059382423
0 0.2468354430379747 0.39429928741092635 0.10337552742616034 0.027315914489311165
0 0.26054852320675104 0.37114014251781474 0.06751054852320675 0.021377672209026127
0 0.35864978902953587 0.37707838479809974 0.0759493670886076 0.021377672209026127
0 0.44936708860759494 0.3640142517814727 0.035864978902953586 0.013064133016627079
0 0.6128691983122363 0.31235154394299286 0.06329113924050633 0.019002375296912115
0 0.5928270042194093 0.3990498812351544 0.06329113924050633 0.026128266033254157
0 0.4883966244725738 0.4002375296912114 0.0759493670886076 0.027315914489311165
0 0.6434599156118144 0.4305225653206651 0.052742616033755275 0.0166270783847981
0 0.6255274261603375 0.46318289786223277 0.052742616033755275 0.019002375296912115
0 0.4356540084388186 0.46318289786223277 0.07805907172995781 0.020190023752969122
0 0.5063291139240507 0.48693586698337293 0.0759493670886076 0.02494061757719715
0 0.3628691983122363 0.47090261282660334 0.06962025316455696 0.027315914489311165
0 0.35970464135021096 0.40617577197149646 0.06962025316455696 0.019002375296912115
0 0.39135021097046413 0.4334916864608076 0.06329113924050633 0.017814726840855107
0 0.23628691983122363 0.44655581947743467 0.12025316455696203 0.032066508313539195
0 0.12236286919831224 0.4519002375296912 0.0970464135021097 0.03681710213776722
0 0.04430379746835443 0.44477434679334915 0.07172995780590717 0.019002375296912115
0 0.14451476793248946 0.5362232779097387 0.1160337552742616 0.029691211401425176
0 0.25738396624472576 0.5190023752969121 0.11814345991561181 0.029691211401425176
0 0.3808016877637131 0.6193586698337292 0.08227848101265822 0.04275534441805225
0 0.5073839662447257 0.6175771971496437 0.05063291139240506 0.026128266033254157
0 0.8554852320675106 0.6573634204275535 0.10548523206751055 0.027315914489311165
0 0.7763713080168776 0.5480997624703088 0.07172995780590717 0.022565320665083134
0 0.6181434599156118 0.5308788598574822 0.052742616033755275 0.017814726840855107
0 0.6466244725738397 0.5700712589073634 0.06751054852320675 0.021377672209026127
0 0.5369198312236287 0.5712589073634204 0.056962025316455694 0.026128266033254157
0 0.45569620253164556 0.5106888361045131 0.06962025316455696 0.02494061757719715
0 0.39556962025316456 0.4916864608076009 0.06329113924050633 0.021377672209026127