0 0.1340084388185654 0.3976365795724466 0.06499999999999999 0.03697149643705463
0 0.24356540084388187 0.39687648456057006 0.10320675105485229 0.02641330166270785
0 0.2569198312236287 0.3733254156769596 0.06759493670886077 0.021187648456057046
0 0.355084388185654 0.3784204275534442 0.07497890295358654 0.020059382422802835
0 0.445168776371308 0.36452494061757723 0.03603375527426157 0.01263657957244654
0 0.6075527426160338 0.31155581947743466 0.06331223628691982 0.018966745843230437
0 0.5896413502109705 0.3979809976247031 0.06164556962025322 0.025213776722090284
0 0.48514767932489455 0.40008313539192397 0.0758016877637131 0.026033254156769547
0 0.6414556962025316 0.4288836104513064 0.052721518987341794 0.015736342042755345
0 0.6239662447257384 0.46207838479809976 0.0519409282700422 0.01876484560570066
0 0.43449367088607593 0.4639311163895487 0.07702531645569619 0.01907363420427547
0 0.5059704641350211 0.4870665083135392 0.07525316455696206 0.02410926365795719
0 0.3618987341772152 0.47198337292161524 0.06850210970464128 0.026116389548693598
0 0.3567088607594937 0.4077553444180522 0.06816455696202532 0.01874109263657954
0 0.389704641350211 0.4344061757719715 0.06293248945147675 0.01774346793349175
0 0.23485232067510547 0.4492161520190024 0.11886075949367092 0.03039192399049885
0 0.12078059071729957 0.4557244655581948 0.09681434599156116 0.035486935866983364
0 0.04270042194092826 0.4493111638954869 0.07067510548523206 0.01812351543942992
0 0.14580168776371308 0.5398931116389548 0.11470464135021098 0.028432304038004817
0 0.25831223628691985 0.5215083135391925 0.11662447257383964 0.028990498812351505
0 0.38428270042194096 0.620439429928741 0.08170886075949371 0.04241092636579577
0 0.5110126582278481 0.6174821852731591 0.04911392405063297 0.026187648456056953
0 0.860506329113924 0.6540855106888361 0.10489451476793255 0.025973871733966616
0 0.7772995780590717 0.545332541567696 0.07113924050632917 0.022315914489311122
0 0.6189240506329114 0.5297743467933491 0.05189873417721524 0.0172209026128266
0 0.6492616033755274 0.5684679334916865 0.06630801687763703 0.020320665083135406
0 0.5393459915611815 0.5710807600950119 0.057025316455696265 0.025154394299287352
0 0.45569620253164556 0.511187648456057 0.06917721518987346 0.02419239904988124
0 0.395337552742616 0.49292161520190025 0.0630168776371308 0.020486935866983372