0 0.8829113924050633 0.41983372921615203 0.07172995780590717 0.040380047505938245
0 0.7742616033755274 0.41270783847980996 0.10759493670886076 0.032066508313539195
0 0.7647679324894515 0.38836104513064135 0.07172995780590717 0.02494061757719715
0 0.6666666666666666 0.38776722090261284 0.07805907172995781 0.02494061757719715
0 0.580168776371308 0.3687648456057007 0.0379746835443038 0.014251781472684086
0 0.4282700421940928 0.30641330166270786 0.06751054852320675 0.022565320665083134
0 0.4293248945147679 0.39311163895486934 0.06540084388185655 0.028503562945368172
0 0.5337552742616034 0.4014251781472684 0.08016877637130802 0.030878859857482184
0 0.37236286919831224 0.42102137767220904 0.05485232067510549 0.019002375296912115
0 0.38396624472573837 0.45486935866983375 0.05485232067510549 0.021377672209026127
0 0.5717299578059072 0.4679334916864608 0.08016877637130802 0.023752969121140142
0 0.49683544303797467 0.48693586698337293 0.08016877637130802 0.028503562945368172
0 0.6424050632911392 0.4804038004750594 0.07383966244725738 0.029691211401425176
0 0.6592827004219409 0.4168646080760095 0.07172995780590717 0.022565320665083134
0 0.6223628691983122 0.4412114014251782 0.06540084388185655 0.021377672209026127
0 0.7732067510548524 0.4649643705463183 0.12447257383966245 0.03681710213776722
0 0.8850210970464135 0.47802850356294535 0.10337552742616034 0.04156769596199525
0 0.9630801687763713 0.47565320665083133 0.07383966244725738 0.022565320665083134
0 0.8449367088607594 0.5605700712589073 0.12025316455696203 0.0344418052256532
0 0.7362869198312236 0.5356294536817102 0.12236286919831224 0.035629453681710214
0 0.5928270042194093 0.6264845605700713 0.08860759493670886 0.047505938242280284
0 0.46729957805907174 0.6163895486935868 0.052742616033755275 0.028503562945368172
0 0.11286919831223628 0.6318289786223278 0.10970464135021098 0.032066508313539195
0 0.21624472573839662 0.5285035629453682 0.07383966244725738 0.026128266033254157
0 0.37658227848101267 0.5225653206650831 0.05485232067510549 0.020190023752969122
0 0.33860759493670883 0.5593824228028503 0.06962025316455696 0.023752969121140142
0 0.4472573839662447 0.5682897862232779 0.06118143459915612 0.028503562945368172
0 0.5421940928270043 0.5136579572446556 0.07383966244725738 0.028503562945368172
0 0.6054852320675106 0.4994061757719715 0.06751054852320675 0.023752969121140142