0 0.27890625 0.240625 0.028125 0.0953125
0 0.03671875 0.17421875 0.0359375 0.096875
0 0.04140625 0.3109375 0.0421875 0.096875
0 0.12421875 0.378125 0.0484375 0.0890625
0 0.26875 0.4640625 0.0546875 0.0765625
0 0.14921875 0.2890625 0.01875 0.084375
0 0.15703125 0.49375 0.025 0.071875
0 0.26328125 0.703125 0.0484375 0.08125
0 0.02734375 0.6453125 0.0234375 0.071875
0 0.25859375 0.3859375 0.0296875 0.028125
0 0.86640625 0.3015625 0.0859375 0.09375
0 0.6453125 0.31171875 0.0375 0.0375
0 0.6421875 0.0640625 0.0359375 0.0515625
0 0.56015625 0.12890625 0.03125 0.0140625
0 0.71171875 0.40078125 0.03125 0.046875
0 0.68671875 0.396875 0.0109375 0.0515625
0 0.6125 0.41953125 0.021875 0.0671875
0 0.44609375 0.4375 0.0265625 0.05625
0 0.9609375 0.49765625 0.034375 0.08125
0 0.7 0.85546875 0.0421875 0.0421875
0 0.778125 0.796875 0.0359375 0.0296875
0 0.3234375 0.08125 0.0875 0.13125
0 0.30390625 0.128125 0.0765625 0.1265625
0 0.334375 0.3265625 0.0578125 0.0578125