0 0.73828125 0.25703125 0.021875 0.09375
0 0.98515625 0.20703125 0.0296875 0.0953125
0 0.9703125 0.34375 0.0359375 0.0953125
0 0.88359375 0.4046875 0.0421875 0.0859375
0 0.7328125 0.48046875 0.05 0.0734375
0 0.86484375 0.3140625 0.0125 0.084375
0 0.8421875 0.51796875 0.0203125 0.0703125
0 0.721875 0.71875 0.04375 0.078125
0 0.96171875 0.678125 0.01875 0.0703125
0 0.7484375 0.403125 0.028125 0.0265625
0 0.1484375 0.2765625 0.0796875 0.0890625
0 0.36796875 0.30234375 0.034375 0.0359375
0 0.38828125 0.05546875 0.0328125 0.05
0 0.465625 0.12578125 0.0296875 0.0125
0 0.29609375 0.3859375 0.028125 0.0453125
0 0.32109375 0.384375 0.0078125 0.0515625
0 0.39375 0.41171875 0.0171875 0.065625
0 0.5578125 0.44140625 0.0234375 0.0546875
0 0.040625 0.465625 0.028125 0.0796875
0 0.27578125 0.840625 0.0390625 0.0390625
0 0.2015625 0.7765625 0.034375 0.028125
0 0.70553125 0.094984375 0.07817187499999996 0.126
0 0.721421875 0.14284375 0.06785937499999992 0.12282812499999998
0 0.677234375 0.338265625 0.054906249999999976 0.054296875