0 0.78359375 0.31171875 0.040625 0.096875
0 0.98203125 0.4453125 0.0359375 0.1
0 0.8953125 0.48671875 0.059375 0.0921875
0 0.73203125 0.5296875 0.0640625 0.0828125
0 0.8953125 0.39375 0.0296875 0.084375
0 0.83125 0.5890625 0.034375 0.0734375
0 0.671875 0.76015625 0.059375 0.0859375
0 0.91484375 0.7703125 0.0328125 0.0734375
0 0.76328125 0.45703125 0.0328125 0.03125
0 0.20234375 0.20859375 0.096875 0.103125
0 0.41171875 0.27890625 0.040625 0.0421875
0 0.4828125 0.0421875 0.0421875 0.05625
0 0.54453125 0.1265625 0.03125 0.01875
0 0.32421875 0.34609375 0.0375 0.05
0 0.34921875 0.35 0.01875 0.0515625
0 0.4140625 0.39140625 0.0296875 0.0671875
0 0.56875 0.4546875 0.034375 0.0578125
0 0.0578125 0.37109375 0.04375 0.084375
0 0.21015625 0.78671875 0.046875 0.046875
0 0.15078125 0.70859375 0.0390625 0.034375
0 0.78515625 0.146875 0.103125 0.1390625
0 0.790625 0.196875 0.0921875 0.134375
0 0.70703125 0.37890625 0.065625 0.0640625