0 0.23046875 0.29921875 0.025 0.090625
0 0.21953125 0.55625 0.05625 0.0765625
0 0.11953125 0.51171875 0.0546875 0.071875
0 0.0890625 0.353125 0.021875 0.0796875
0 0.24921875 0.73203125 0.05625 0.0546875
0 0.2875 0.1265625 0.090625 0.18125
0 0.16484375 0.0984375 0.0609375 0.128125
0 0.31015625 0.31796875 0.065625 0.0515625
0 0.25390625 0.49296875 0.065625 0.06875
0 0.95625 0.0828125 0.075 0.1234375
0 0.72109375 0.7890625 0.0484375 0.0375
0 0.6296875 0.2859375 0.0515625 0.0359375
0 0.64765625 0.43984375 0.025 0.06875