0 0.765625 0.29453125 0.0234375 0.090625
0 0.78125 0.5515625 0.0546875 0.075
0 0.88046875 0.50546875 0.053125 0.0703125
0 0.90859375 0.34609375 0.0203125 0.0796875
0 0.7546875 0.72734375 0.0546875 0.053125
0 0.706140625 0.12301562500000003 0.08771874999999998 0.17929687500000002
0 0.828125 0.09290625 0.05939062499999999 0.127390625
0 0.68634375 0.3148125 0.06481250000000002 0.051171875
0 0.74590625 0.48862500000000003 0.06443750000000001 0.06754687500000003
0 0.03671875 0.09046875 0.0734375 0.12253125000000001
0 0.284296875 0.792484375 0.047015624999999964 0.03725000000000005
0 0.36678125 0.288078125 0.05081249999999997 0.03518749999999997
0 0.351328125 0.442265625 0.024531249999999984 0.0685625