0 0.73828125 0.2640625 0.034375 0.0921875
0 0.78515625 0.5171875 0.0640625 0.08125
0 0.878125 0.459375 0.0609375 0.0765625
0 0.88671875 0.29765625 0.0296875 0.08125
0 0.78046875 0.69453125 0.0609375 0.059375
0 0.65859375 0.10078125 0.109375 0.1890625
0 0.775 0.06171875 0.075 0.1234375
0 0.6625 0.29375 0.0703125 0.059375
0 0.74296875 0.45859375 0.071875 0.075
0 0.0171875 0.15 0.034375 0.13125
0 0.321875 0.81640625 0.0515625 0.0421875
0 0.3421875 0.30625 0.0546875 0.040625
0 0.3453125 0.4609375 0.0328125 0.0703125