0 0.2515625 0.75390625 0.0609375 0.0640625
0 0.2203125 0.73203125 0.0296875 0.0828125
0 0.1765625 0.6625 0.05 0.059375
0 0.5984375 0.63125 0.0765625 0.059375
0 0.475 0.546875 0.05625 0.053125
0 0.36015625 0.584375 0.0421875 0.05
0 0.44453125 0.69296875 0.0625 0.0328125
0 0.5234375 0.79453125 0.0640625 0.053125
0 0.47578125 0.84453125 0.0515625 0.0484375
0 0.39140625 0.85859375 0.0515625 0.0765625
0 0.2703125 0.828125 0.0578125 0.0625
0 0.134375 0.86640625 0.046875 0.0671875
0 0.81875 0.70078125 0.0640625 0.046875
0 0.90625 0.62265625 0.0265625 0.0859375
0 0.90859375 0.521875 0.0546875 0.0375
0 0.6671875 0.321875 0.0421875 0.0375
0 0.57421875 0.35859375 0.0265625 0.0421875
0 0.74140625 0.096875 0.0265625 0.053125
0 0.55625 0.38515625 0.115625 0.2265625
0 0.56953125 0.10625 0.0984375 0.165625
0 0.33203125 0.315625 0.0515625 0.1734375
0 0.2171875 0.465625 0.0578125 0.1390625