0 0.78828125 0.70703125 0.0578125 0.0609375
0 0.81640625 0.6796875 0.025 0.0828125
0 0.846875 0.60390625 0.046875 0.05625
0 0.42578125 0.64609375 0.0734375 0.0546875
0 0.5328125 0.5421875 0.0546875 0.05
0 0.65234375 0.55859375 0.0390625 0.046875
0 0.58828125 0.6796875 0.0609375 0.028125
0 0.528125 0.79453125 0.0625 0.05
0 0.584375 0.83515625 0.0484375 0.046875
0 0.66953125 0.834375 0.046875 0.0734375
0 0.7828125 0.78359375 0.0546875 0.059375
0 0.92421875 0.796875 0.0421875 0.0640625
0 0.2203125 0.753125 0.0609375 0.04375
0 0.12109375 0.69140625 0.021875 0.0859375
0 0.1015625 0.59296875 0.053125 0.034375
0 0.3046875 0.35390625 0.040625 0.034375
0 0.40234375 0.3734375 0.0234375 0.040625
0 0.1921875 0.1453125 0.0234375 0.053125
0 0.425 0.396875 0.1 0.221875
0 0.36328125 0.12421875 0.0890625 0.1609375
0 0.63359375 0.2890625 0.0390625 0.171875
0 0.77265625 0.4171875 0.0484375 0.1359375