0 0.77734375 0.721875 0.0546875 0.0578125
0 0.80625 0.69609375 0.0203125 0.08125
0 0.840625 0.621875 0.04375 0.0546875
0 0.41796875 0.6421875 0.0703125 0.0515625
0 0.53046875 0.54375 0.0515625 0.046875
0 0.64921875 0.56640625 0.0375 0.0453125
0 0.57890625 0.684375 0.059375 0.025
0 0.5125 0.7953125 0.059375 0.046875
0 0.56640625 0.8390625 0.046875 0.04375
0 0.6515625 0.84296875 0.04375 0.071875
0 0.76796875 0.79765625 0.0515625 0.05625
0 0.9078125 0.81875 0.0390625 0.0625
0 0.2078125 0.73828125 0.059375 0.040625
0 0.11171875 0.67109375 0.0171875 0.084375
0 0.096875 0.571875 0.0515625 0.03125
0 0.3125 0.34375 0.0390625 0.0328125
0 0.409375 0.36875 0.021875 0.0390625
0 0.2109375 0.1296875 0.0203125 0.0515625
0 0.43040625 0.3930625 0.08917187500000004 0.217015625
0 0.38309375 0.11737500000000001 0.08068749999999998 0.15690625000000002
0 0.644328125 0.29659375 0.030781250000000072 0.17096875000000003
0 0.7765625 0.431515625 0.040953125000000055 0.134546875