0 0.11796875 0.090625 0.0984375 0.18125
0 0.309375 0.0546875 0.065625 0.09375
0 0.6234375 0.053125 0.0796875 0.0296875
0 0.37890625 0.403125 0.0515625 0.159375
0 0.1984375 0.46171875 0.0421875 0.1328125
0 0.1828125 0.653125 0.0328125 0.0515625
0 0.18671875 0.75546875 0.03125 0.078125
0 0.2921875 0.778125 0.0625 0.0625
0 0.24765625 0.8453125 0.04375 0.0578125
0 0.22421875 0.725 0.0328125 0.05625
0 0.10078125 0.87265625 0.0453125 0.0546875
0 0.3265625 0.90625 0.0375 0.0796875
0 0.7875 0.33515625 0.0703125 0.0515625
0 0.84609375 0.20078125 0.0796875 0.184375
0 0.9 0.759375 0.0875 0.0875
0 0.86484375 0.73671875 0.0546875 0.040625
0 0.80546875 0.6796875 0.05 0.05625
0 0.62421875 0.71015625 0.053125 0.078125
0 0.54609375 0.58359375 0.0375 0.1015625
0 0.60234375 0.37578125 0.0359375 0.0546875
0 0.4328125 0.29609375 0.0328125 0.0203125
0 0.49140625 0.5921875 0.034375 0.0515625
0 0.42578125 0.7078125 0.053125 0.0296875
0 0.36875 0.58671875 0.0453125 0.0265625
0 0.49296875 0.82734375 0.059375 0.046875
0 0.440625 0.87734375 0.0546875 0.034375
0 0.72265625 0.3453125 0.0890625 0.1640625
0 0.65078125 0.58515625 0.1140625 0.1078125