0 0.03515625 0.225 0.0703125 0.196875
0 0.18046875 0.13515625 0.0765625 0.1
0 0.4796875 0.03671875 0.08125 0.040625
0 0.3546875 0.4453125 0.071875 0.1609375
0 0.2015625 0.55703125 0.059375 0.134375
0 0.24609375 0.74375 0.0390625 0.0546875
0 0.28125 0.83984375 0.0421875 0.0796875
0 0.38828125 0.82890625 0.06875 0.06875
0 0.3671875 0.90625 0.05 0.0625
0 0.30703125 0.79921875 0.0390625 0.059375
0 0.23515625 0.97421875 0.0515625 0.0515625
0 0.46015625 0.93984375 0.0484375 0.08125
0 0.72265625 0.2546875 0.075 0.059375
0 0.73671875 0.10859375 0.103125 0.1890625
0 0.95625 0.621875 0.0875 0.096875
0 0.9203125 0.6125 0.0578125 0.046875
0 0.84609375 0.5765625 0.05625 0.0625
0 0.6828125 0.66171875 0.0625 0.084375
0 0.56953125 0.56484375 0.05 0.103125
0 0.559375 0.35 0.0421875 0.0578125
0 0.3734375 0.3265625 0.034375 0.0234375
0 0.5203125 0.590625 0.0390625 0.053125
0 0.49375 0.7203125 0.05625 0.0359375
0 0.4015625 0.62265625 0.0484375 0.0328125
0 0.59453125 0.81328125 0.0640625 0.053125
0 0.56015625 0.87734375 0.05625 0.040625
0 0.6640625 0.28359375 0.109375 0.171875
0 0.66953125 0.534375 0.125 0.1203125