0 0.2170464135021097 0.6467721518987342 0.37869198312236285 0.6569303797468355
0 0.6416877637130802 0.6910759493670886 0.4128270042194092 0.29582278481012664
0 0.834620253164557 0.38734177215189874 0.19616033755274265 0.2280063291139241
0 0.7179746835443038 0.4120253164556962 0.07464135021097046 0.10750000000000004
0 0.7567088607594937 0.19835443037974684 0.08772151898734186 0.09651898734177218
0 0.6490717299578059 0.21085443037974683 0.07227848101265821 0.09819620253164557
0 0.5117299578059071 0.1332911392405063 0.17514767932489447 0.09632911392405062
0 0.4764345991561182 0.24778481012658227 0.24191983122362873 0.20205696202531645
0 0.41025316455696204 0.1896518987341772 0.16094936708860763 0.09911392405063293
0 0.5638185654008439 0.481993670886076 0.19934599156118146 0.18082278481012654
0 0.30381856540084384 0.36262658227848105 0.154620253164557 0.13525316455696204
0 0.22352320675105486 0.6412025316455696 0.3857172995780591 0.6591455696202531
0 0.3610548523206751 0.550253164556962 0.22837552742616032 0.5804430379746834
0 0.07135021097046414 0.30006329113924046 0.13267932489451478 0.18335443037974683