0 0.7742616033755274 0.6629746835443038 0.4092827004219409 0.6740506329113924
0 0.350210970464135 0.6756329113924051 0.42616033755274263 0.33860759493670883
0 0.1719409282700422 0.3528481012658228 0.20675105485232068 0.2468354430379747
0 0.2869198312236287 0.38924050632911394 0.08016877637130802 0.11392405063291139
0 0.25843881856540085 0.17246835443037975 0.09282700421940929 0.10443037974683544
0 0.3649789029535865 0.1962025316455696 0.0759493670886076 0.10443037974683544
0 0.5052742616033755 0.13291139240506328 0.17932489451476794 0.11392405063291139
0 0.5348101265822784 0.25158227848101267 0.2510548523206751 0.22784810126582278
0 0.6044303797468354 0.19936708860759494 0.16455696202531644 0.11708860759493671
0 0.43670886075949367 0.47468354430379744 0.20675105485232068 0.20253164556962025
0 0.7025316455696202 0.3829113924050633 0.16033755274261605 0.1518987341772152
0 0.7689873417721519 0.6598101265822784 0.41561181434599154 0.680379746835443
0 0.6360759493670886 0.564873417721519 0.2552742616033755 0.6044303797468354
0 0.9324894514767933 0.3449367088607595 0.1350210970464135 0.1962025316455696