0 0.22784810126582278 0.6661392405063291 0.4219409282700422 0.6677215189873418
0 0.6540084388185654 0.6677215189873418 0.43037974683544306 0.3575949367088608
0 0.8248945147679325 0.33544303797468356 0.2109704641350211 0.2563291139240506
0 0.7109704641350211 0.37816455696202533 0.08227848101265822 0.11708860759493671
0 0.7341772151898734 0.15981012658227847 0.0949367088607595 0.11075949367088607
0 0.6276371308016878 0.18829113924050633 0.07805907172995781 0.10759493670886076
0 0.48628691983122363 0.13291139240506328 0.18143459915611815 0.12341772151898735
0 0.4588607594936709 0.25316455696202533 0.2552742616033755 0.23734177215189872
0 0.38924050632911394 0.20569620253164558 0.16666666666666666 0.12341772151898735
0 0.5622362869198312 0.47151898734177217 0.2109704641350211 0.2120253164556962
0 0.29535864978902954 0.3939873417721519 0.16244725738396623 0.15822784810126583
0 0.23417721518987342 0.6629746835443038 0.43037974683544306 0.6740506329113924
0 0.3649789029535865 0.5712025316455697 0.2679324894514768 0.6139240506329114
0 0.06645569620253164 0.3670886075949367 0.13291139240506328 0.20253164556962025