0 0.6424050632911392 0.447887323943662 0.3691983122362869 0.22535211267605634
0 0.33122362869198313 0.48450704225352115 0.45569620253164556 0.27887323943661974
0 0.4219409282700422 0.13661971830985917 0.21308016877637131 0.1352112676056338
0 0.23945147679324894 0.23943661971830985 0.2616033755274262 0.15774647887323945
0 0.18881856540084388 0.15492957746478872 0.11814345991561181 0.07605633802816901
0 0.27848101265822783 0.14366197183098592 0.06962025316455696 0.07042253521126761
0 0.6381856540084389 0.05211267605633803 0.310126582278481 0.10422535211267606
0 0.7489451476793249 0.4154929577464789 0.2869198312236287 0.19718309859154928
0 0.7078059071729957 0.32816901408450705 0.18143459915611815 0.12112676056338029
0 0.7552742616033755 0.271830985915493 0.1518987341772152 0.10140845070422536
0 0.7774261603375527 0.6845070422535211 0.16666666666666666 0.11267605633802817
0 0.8839662447257384 0.7450704225352113 0.2088607594936709 0.16901408450704225
0 0.9324894514767933 0.6140845070422535 0.12658227848101267 0.08732394366197183
0 0.9377637130801688 0.5295774647887324 0.12025316455696203 0.08450704225352113
0 0.79957805907173 0.6126760563380281 0.14978902953586498 0.09577464788732394
0 0.7710970464135021 0.547887323943662 0.17721518987341772 0.11267605633802817
0 0.5854430379746836 0.7619718309859155 0.2805907172995781 0.16056338028169015
0 0.3881856540084388 0.719718309859155 0.1518987341772152 0.11549295774647887
0 0.12869198312236288 0.6901408450704225 0.11392405063291139 0.10985915492957747
0 0.07911392405063292 0.48732394366197185 0.15822784810126583 0.16338028169014085
0 0.2120253164556962 0.9267605633802817 0.22573839662447256 0.10140845070422536
0 0.6234177215189873 0.9084507042253521 0.43670886075949367 0.18309859154929578
0 0.7774261603375527 0.9633802816901409 0.29324894514767935 0.07323943661971831
0 0.0759493670886076 0.323943661971831 0.08649789029535865 0.08169014084507042
0 0.10759493670886076 0.2704225352112676 0.16666666666666666 0.09859154929577464