0 0.36215189873417725 0.4276056338028169 0.3578270042194094 0.17546478873239438
0 0.6689240506329114 0.5082535211267606 0.4417299578059072 0.21746478873239433
0 0.6065400843881856 0.1496338028169014 0.20662447257383973 0.1067042253521127
0 0.7795991561181435 0.27780281690140846 0.25263713080168776 0.12442253521126766
0 0.8362869198312236 0.20092957746478873 0.11445147679324895 0.060112676056338035
0 0.7478270042194093 0.17670422535211266 0.06550632911392396 0.06140845070422534
0 0.3968565400843882 0.03371830985915493 0.30582278481012665 0.06743661971830986
0 0.25928270042194096 0.3812957746478874 0.2756540084388186 0.1590704225352113
0 0.3071518987341772 0.3004507042253521 0.17497890295358648 0.09678873239436624
0 0.26426160337552745 0.23692957746478874 0.14658227848101263 0.08242253521126758
0 0.20917721518987342 0.6453239436619719 0.15997890295358647 0.09064788732394369
0 0.09915611814345991 0.6901408450704225 0.19831223628691982 0.14084507042253522
0 0.06118143459915612 0.5535211267605634 0.12236286919831224 0.07042253521126761
0 0.06181434599156117 0.46892957746478875 0.11464135021097047 0.06923943661971826
0 0.1929746835443038 0.570112676056338 0.14521097046413498 0.07605633802816901
0 0.22702531645569624 0.5097183098591549 0.17141350210970469 0.08783098591549297
0 0.394704641350211 0.7480845070422535 0.2728691983122362 0.1238028169014085
0 0.5941983122362868 0.7340845070422536 0.14443037974683545 0.09583098591549291
0 0.8547679324894515 0.7403661971830986 0.10727848101265827 0.09509859154929574
0 0.9230379746835443 0.5486760563380282 0.153902953586498 0.1425352112676057
0 0.7535443037974684 0.964056338028169 0.22037974683544312 0.07188732394366192
0 0.34177215189873417 0.9140845070422535 0.42616033755274263 0.17183098591549295
0 0.18436708860759493 0.9529014084507041 0.2868354430379747 0.0941690140845069
0 0.935168776371308 0.38467605633802815 0.08050632911392398 0.06974647887323941
0 0.9078691983122362 0.32667605633802815 0.16048523206751064 0.0767323943661972