0 0.3670886075949367 0.4112676056338028 0.3670886075949367 0.21690140845070421
0 0.6677215189873418 0.528169014084507 0.45358649789029537 0.2676056338028169
0 0.6286919831223629 0.16338028169014085 0.21308016877637131 0.1295774647887324
0 0.7932489451476793 0.3112676056338028 0.25949367088607594 0.15211267605633802
0 0.8544303797468354 0.24084507042253522 0.11814345991561181 0.07323943661971831
0 0.7679324894514767 0.20704225352112676 0.06962025316455696 0.0676056338028169
0 0.42616033755274263 0.036619718309859155 0.3080168776371308 0.07323943661971831
0 0.2679324894514768 0.35352112676056335 0.2848101265822785 0.19154929577464788
0 0.3206751054852321 0.27887323943661974 0.18143459915611815 0.11549295774647887
0 0.28270042194092826 0.20985915492957746 0.1518987341772152 0.09859154929577464
0 0.20042194092827004 0.6112676056338028 0.16455696202531644 0.10985915492957747
0 0.09599156118143459 0.6422535211267606 0.19198312236286919 0.16338028169014085
0 0.06118143459915612 0.5014084507042254 0.12236286919831224 0.08450704225352113
0 0.06540084388185655 0.4183098591549296 0.11814345991561181 0.08169014084507042
0 0.189873417721519 0.5338028169014084 0.14978902953586498 0.09295774647887324
0 0.22784810126582278 0.47746478873239434 0.17721518987341772 0.10704225352112676
0 0.37869198312236285 0.7352112676056338 0.2805907172995781 0.15492957746478872
0 0.5780590717299579 0.7436619718309859 0.14978902953586498 0.11267605633802817
0 0.8375527426160337 0.780281690140845 0.11392405063291139 0.10704225352112676
0 0.9187763713080169 0.5971830985915493 0.16244725738396623 0.16056338028169015
0 0.7215189873417721 0.9704225352112676 0.22362869198312235 0.059154929577464786
0 0.3154008438818565 0.8915492957746479 0.43670886075949367 0.21690140845070421
0 0.15611814345991562 0.9140845070422535 0.2911392405063291 0.1267605633802817
0 0.9409282700421941 0.4352112676056338 0.08438818565400844 0.07887323943661972
0 0.9177215189873418 0.37464788732394366 0.16455696202531644 0.09577464788732394