0 0.4915433403805497 0.5 0.7949260042283298 0.2794292508917955
0 0.3477801268498943 0.617717003567182 0.6553911205073996 0.267538644470868
0 0.28012684989429176 0.8353151010701546 0.5602536997885835 0.2437574316290131
0 0.30021141649048627 0.7312722948870393 0.6004228329809725 0.26634958382877527
0 0.5930232558139535 0.8519619500594531 0.5010570824524313 0.26397146254458975
0 0.7970401691331924 0.7711058263971462 0.3361522198731501 0.1759809750297265
0 0.7864693446088795 0.8596908442330559 0.321353065539112 0.15933412604042807
0 0.7399577167019028 0.5630202140309156 0.5200845665961945 0.291319857312723
0 0.9080338266384778 0.4221165279429251 0.1839323467230444 0.08323424494649227
0 0.2949260042283298 0.23959571938168847 0.5391120507399577 0.27824019024970276
0 0.8128964059196617 0.2407847800237812 0.37420718816067655 0.1629013079667063
0 0.5930232558139535 0.1278240190249703 0.813953488372093 0.2556480380499406
0 0.23044397463002114 0.05291319857312723 0.13107822410147993 0.039239001189060645