0 0.507399577167019 0.5011890606420928 0.7885835095137421 0.272294887039239
0 0.6088794926004228 0.6319857312722948 0.6490486257928119 0.262782401902497
0 0.6194503171247357 0.8555291319857312 0.5919661733615222 0.23781212841854935
0 0.6405919661733616 0.7508917954815696 0.6405919661733616 0.26040428061831156
0 0.28858350951374206 0.8353151010701546 0.49471458773784355 0.25921521997621877
0 0.14059196617336153 0.7336504161712247 0.28118393234672306 0.17360285374554102
0 0.12684989429175475 0.8222354340071344 0.2536997885835095 0.15576694411414982
0 0.24947145877378435 0.535077288941736 0.4989429175475687 0.2877526753864447
0 0.11416490486257928 0.37871581450653985 0.20507399577167018 0.08204518430439953
0 0.7610993657505285 0.26634958382877527 0.47780126849894294 0.2734839476813318
0 0.25052854122621565 0.20868014268727705 0.4312896405919662 0.15933412604042807
0 0.49365750528541225 0.12187871581450654 0.8985200845665962 0.2437574316290131
0 0.9164904862579282 0.08977407847800238 0.13107822410147993 0.03804994054696789