0 0.49200845665961945 0.500653983353151 0.7556448202959831 0.23652794292508914
0 0.3707610993657505 0.6262782401902498 0.6146511627906978 0.23297265160523195
0 0.32543340380549685 0.848359096313912 0.5602748414376321 0.2117122473246135
0 0.3212473572938689 0.7430321046373365 0.6062579281183932 0.23206896551724146
0 0.6582029598308667 0.8443995243757432 0.4586680761099365 0.2377645659928657
0 0.8458139534883721 0.7523662306777645 0.30837209302325586 0.15901307966706305
0 0.8518604651162791 0.8407966706302021 0.29627906976744184 0.14224732461355516
0 0.756723044397463 0.5485969084423306 0.48655391120507396 0.2644827586206897
0 0.9031923890063425 0.39832342449464925 0.1935940803382665 0.07265160523186685
0 0.24773784355179707 0.25292508917954815 0.49547568710359413 0.25066587395957196
0 0.7938689217758985 0.22175980975029727 0.41226215644820297 0.13912009512485138
0 0.5665961945031712 0.11236623067776456 0.8668076109936576 0.22473246135552913
0 0.14915433403805498 0.0709036860879905 0.1260676532769556 0.03222354340071345