0 0.2728902953586498 0.24736507936507937 0.34029535864978905 0.26711111111111113
0 0.6372573839662448 0.14838095238095236 0.25556962025316454 0.15606349206349204
0 0.9071940928270043 0.2248888888888889 0.091097046413502 0.20212698412698415
0 0.9186075949367088 0.4022857142857143 0.16278481012658222 0.1592698412698413
0 0.8891139240506329 0.6126666666666667 0.129409282700422 0.14561904761904762
0 0.7990506329113924 0.7846031746031745 0.090210970464135 0.12857142857142848
0 0.7683755274261603 0.9612380952380953 0.11105485232067508 0.0775238095238094
0 0.5265822784810127 0.7993650793650794 0.294831223628692 0.1881904761904761
0 0.3573628691983122 0.844031746031746 0.1735864978902953 0.14047619047619048
0 0.1632067510548523 0.7948253968253969 0.21767932489451475 0.10222222222222227
0 0.23447257383966244 0.7186984126984126 0.1351054852320675 0.1237142857142858
0 0.47132911392405064 0.4766666666666667 0.19871308016877637 0.2244761904761904
0 0.5824894514767933 0.45780952380952383 0.11639240506329111 0.08984126984126987