0 0.7078059071729957 0.2126984126984127 0.35654008438818563 0.32063492063492066
0 0.33860759493670883 0.17142857142857143 0.26582278481012656 0.19682539682539682
0 0.0759493670886076 0.2904761904761905 0.10548523206751055 0.21587301587301588
0 0.08122362869198312 0.4666666666666667 0.16244725738396623 0.18412698412698414
0 0.12130801687763713 0.6730158730158731 0.13924050632911392 0.16507936507936508
0 0.22257383966244726 0.8301587301587302 0.09915611814345991 0.14285714285714285
0 0.26476793248945146 0.9761904761904762 0.1160337552742616 0.047619047619047616
0 0.4947257383966245 0.8015873015873016 0.3059071729957806 0.23492063492063492
0 0.6656118143459916 0.819047619047619 0.18143459915611815 0.16825396825396827
0 0.8554852320675106 0.7396825396825397 0.22362869198312235 0.1365079365079365
0 0.7795358649789029 0.6761904761904762 0.14345991561181434 0.14285714285714285
0 0.5263713080168776 0.473015873015873 0.21308016877637131 0.25396825396825395
0 0.41455696202531644 0.4714285714285714 0.12236286919831224 0.10793650793650794