0 0.2848101265822785 0.22380952380952382 0.35232067510548526 0.30158730158730157
0 0.6529535864978903 0.1634920634920635 0.2616033755274262 0.18095238095238095
0 0.9187763713080169 0.26825396825396824 0.10126582278481013 0.2126984126984127
0 0.9187763713080169 0.44603174603174606 0.16244725738396623 0.1746031746031746
0 0.8829113924050633 0.653968253968254 0.1350210970464135 0.15873015873015872
0 0.7848101265822784 0.8158730158730159 0.0949367088607595 0.1365079365079365
0 0.7468354430379747 0.9714285714285714 0.11392405063291139 0.05714285714285714
0 0.5126582278481012 0.8015873015873016 0.3037974683544304 0.21904761904761905
0 0.34177215189873417 0.8285714285714286 0.17932489451476794 0.15873015873015872
0 0.15084388185654007 0.7587301587301587 0.22151898734177214 0.12380952380952381
0 0.22468354430379747 0.6904761904761905 0.14135021097046413 0.1365079365079365
0 0.47257383966244726 0.473015873015873 0.2088607594936709 0.24444444444444444
0 0.5843881856540084 0.4666666666666667 0.12025316455696203 0.10158730158730159