0 0.8573206751054853 0.1818565400843882 0.24888185654008443 0.08524261603375528
0 0.5272151898734176 0.29587552742616036 0.14791139240506326 0.04690928270042197
0 0.6252742616033755 0.3378902953586498 0.1330590717299579 0.07129746835443042
0 0.8755274261603375 0.34862869198312235 0.2489451476793249 0.060126582278481014
0 0.3681434599156118 0.3891033755274262 0.08426160337552742 0.047827004219409316
0 0.22626582278481014 0.4231962025316456 0.1158860759493671 0.04445147679324893
0 0.27772151898734176 0.4953691983122363 0.1260548523206751 0.04565400843881854
0 0.11242616033755275 0.4968776371308017 0.1479746835443038 0.036740506329113964
0 0.680168776371308 0.5156645569620253 0.35575949367088605 0.10876582278481008
0 0.8531856540084388 0.6625949367088607 0.29362869198312225 0.11637130801687758
0 0.2783122362869198 0.6429746835443038 0.5566244725738396 0.1579746835443038
0 0.7086497890295358 0.7961603375527426 0.12911392405063302 0.06940928270042189
0 0.08746835443037974 0.8666877637130802 0.1749367088607595 0.08588607594936716
0 0.07597046413502109 0.7505274261603375 0.11481012658227849 0.028512658227848073
0 0.1439240506329114 0.7493459915611814 0.07316455696202533 0.02614978902953583
0 0.9870464135021098 0.43343881856540084 0.025907172995780534 0.019862869198312278