0 0.7774261603375527 0.16244725738396623 0.2679324894514768 0.10021097046413502
0 0.4767932489451477 0.2958860759493671 0.15822784810126583 0.05590717299578059
0 0.5843881856540084 0.33122362869198313 0.14978902953586498 0.07911392405063292
0 0.8354430379746836 0.3270042194092827 0.2616033755274262 0.07489451476793249
0 0.34177215189873417 0.3982067510548523 0.0949367088607595 0.052742616033755275
0 0.20991561181434598 0.4404008438818565 0.12658227848101267 0.05168776371308017
0 0.27848101265822783 0.5089662447257384 0.1371308016877637 0.052742616033755275
0 0.1149789029535865 0.5205696202531646 0.15611814345991562 0.04535864978902954
0 0.6824894514767933 0.504746835443038 0.379746835443038 0.12974683544303797
0 0.8649789029535865 0.6392405063291139 0.270042194092827 0.13291139240506328
0 0.3143459915611814 0.6555907172995781 0.5907172995780591 0.1909282700421941
0 0.7795358649789029 0.7811181434599156 0.14556962025316456 0.0770042194092827
0 0.18037974683544303 0.8892405063291139 0.1940928270042194 0.09599156118143459
0 0.14029535864978904 0.7742616033755274 0.12025316455696203 0.03481012658227848
0 0.20780590717299577 0.7689873417721519 0.07805907172995781 0.03059071729957806
0 0.9672995780590717 0.4040084388185654 0.029535864978902954 0.02109704641350211