0 0.1877637130801688 0.17035864978902954 0.25949367088607594 0.0938818565400844
0 0.5010548523206751 0.29535864978902954 0.1540084388185654 0.05168776371308017
0 0.39767932489451474 0.3338607594936709 0.14345991561181434 0.0759493670886076
0 0.14662447257383968 0.3359704641350211 0.25738396624472576 0.06856540084388185
0 0.6466244725738397 0.3939873417721519 0.09071729957805907 0.05063291139240506
0 0.7837552742616034 0.4330168776371308 0.12236286919831224 0.04852320675105485
0 0.7225738396624473 0.5031645569620253 0.13291139240506328 0.049578059071729956
0 0.8871308016877637 0.510548523206751 0.1518987341772152 0.04219409282700422
0 0.31856540084388185 0.509493670886076 0.3691983122362869 0.12130801687763713
0 0.13924050632911392 0.6497890295358649 0.27848101265822783 0.12658227848101267
0 0.7014767932489452 0.6503164556962026 0.5780590717299579 0.17721518987341772
0 0.2510548523206751 0.7879746835443038 0.13924050632911392 0.07383966244725738
0 0.8607594936708861 0.8802742616033755 0.18565400843881857 0.09177215189873418
0 0.8881856540084389 0.7647679324894515 0.11814345991561181 0.03270042194092827
0 0.820675105485232 0.7610759493670886 0.0759493670886076 0.028481012658227847
0 0.023206751054852322 0.4166666666666667 0.029535864978902954 0.02109704641350211