0 0.6603260869565217 0.8532608695652174 0.38858695652173914 0.29347826086956524
0 0.4429347826086957 0.8903985507246377 0.35597826086956524 0.21920289855072464
0 0.1480978260869565 0.6077898550724637 0.296195652173913 0.30978260869565216
0 0.9395380434782609 0.3704710144927536 0.12092391304347826 0.18659420289855072
0 0.9592391304347826 0.31068840579710144 0.08152173913043478 0.1431159420289855
0 0.7649456521739131 0.32065217391304346 0.25271739130434784 0.2318840579710145
0 0.8804347826086957 0.5969202898550725 0.2391304347826087 0.19746376811594202
0 0.7133152173913043 0.47644927536231885 0.21195652173913043 0.17028985507246377
0 0.5550271739130435 0.33967391304347827 0.24048913043478262 0.18659420289855072
0 0.4327445652173913 0.17572463768115942 0.16304347826086957 0.13405797101449277
0 0.39470108695652173 0.03804347826086957 0.1480978260869565 0.07608695652173914
0 0.2269021739130435 0.020833333333333332 0.14402173913043478 0.041666666666666664
0 0.23301630434782608 0.11594202898550725 0.19157608695652173 0.18659420289855072
0 0.10054347826086957 0.06521739130434782 0.07201086956521739 0.09057971014492754
0 0.5713315217391305 0.28532608695652173 0.14945652173913043 0.11413043478260869
0 0.5876358695652174 0.48278985507246375 0.07880434782608696 0.08152173913043478
0 0.47214673913043476 0.3976449275362319 0.09375 0.07789855072463768