0 0.7252989130434784 0.7966123188405797 0.36264945652173924 0.196286231884058
0 0.5258152173913043 0.9211956521739131 0.33695652173913043 0.15760869565217392
0 0.15760869565217392 0.7346014492753623 0.31521739130434784 0.20833333333333334
0 0.9245923913043478 0.21467391304347827 0.15081521739130435 0.13949275362318841
0 0.9366304347826088 0.1491123188405797 0.12672554347826084 0.10353260869565219
0 0.7208423913043478 0.2351449275362319 0.23074728260869562 0.15701086956521743
0 0.8878396739130435 0.4624456521739131 0.2243070652173912 0.12413043478260871
0 0.7012907608695652 0.4033333333333333 0.19822010869565224 0.10471014492753625
0 0.5218885869565217 0.3263768115942029 0.225991847826087 0.11219202898550726
0 0.37207880434782614 0.21014492753623187 0.15259510869565213 0.08396739130434784
0 0.3022826086956521 0.05523550724637681 0.13161684782608693 0.10681159420289855
0 0.13358695652173913 0.08003623188405798 0.12808423913043476 0.10699275362318843
0 0.16722826086956522 0.22114130434782608 0.1714266304347826 0.13230072463768114
0 0.02985054347826087 0.217481884057971 0.05970108695652174 0.07226449275362322
0 0.5274048913043479 0.2679891304347826 0.1407608695652174 0.06788043478260875
0 0.581195652173913 0.45273550724637673 0.07050271739130433 0.05860507246376811
0 0.45326086956521744 0.4103623188405797 0.08654891304347832 0.04961956521739128