0 0.7289402173913043 0.7916666666666666 0.3654891304347826 0.20471014492753623
0 0.5305706521739131 0.9184782608695652 0.3383152173913043 0.16304347826086957
0 0.1610054347826087 0.7427536231884058 0.3179347826086957 0.21557971014492755
0 0.920516304347826 0.20471014492753623 0.15217391304347827 0.1431159420289855
0 0.9320652173913043 0.13858695652173914 0.12771739130434784 0.1068840579710145
0 0.717391304347826 0.23007246376811594 0.23233695652173914 0.16304347826086957
0 0.8872282608695652 0.453804347826087 0.22554347826086957 0.1286231884057971
0 0.6997282608695652 0.39855072463768115 0.19972826086956522 0.10869565217391304
0 0.5197010869565217 0.32608695652173914 0.2269021739130435 0.11775362318840579
0 0.36820652173913043 0.2128623188405797 0.15353260869565216 0.08695652173913043
0 0.296195652173913 0.059782608695652176 0.1331521739130435 0.1105072463768116
0 0.12839673913043478 0.08876811594202899 0.12907608695652173 0.1105072463768116
0 0.1637228260869565 0.22916666666666666 0.17255434782608695 0.1358695652173913
0 0.028532608695652172 0.22735507246376813 0.057065217391304345 0.07427536231884058
0 0.5244565217391305 0.26721014492753625 0.14130434782608695 0.07065217391304347
0 0.5808423913043478 0.45108695652173914 0.07065217391304347 0.059782608695652176
0 0.4517663043478261 0.411231884057971 0.08695652173913043 0.050724637681159424