0 0.6023206751054853 0.49050632911392406 0.3206751054852321 0.0981012658227848
0 0.7056962025316456 0.3599683544303797 0.06118143459915612 0.07278481012658228
0 0.49261603375527424 0.34414556962025317 0.2911392405063291 0.09177215189873418
0 0.18459915611814345 0.40110759493670883 0.3628691983122363 0.12025316455696203
0 0.10337552742616034 0.4849683544303797 0.20675105485232068 0.09335443037974683
0 0.1518987341772152 0.5727848101265823 0.3037974683544304 0.10443037974683544
0 0.33438818565400846 0.6677215189873418 0.6054852320675106 0.20094936708860758
0 0.4166666666666667 0.8069620253164557 0.5042194092827004 0.16455696202531644
0 0.8111814345991561 0.694620253164557 0.36075949367088606 0.15822784810126583
0 0.9483122362869199 0.46044303797468356 0.04219409282700422 0.04588607594936709
0 0.056962025316455694 0.33860759493670883 0.0949367088607595 0.030063291139240507