0 0.4029535864978903 0.47389240506329117 0.3291139240506329 0.125
0 0.34177215189873417 0.3291139240506329 0.07172995780590717 0.0759493670886076
0 0.5548523206751055 0.34889240506329117 0.30168776371308015 0.11708860759493671
0 0.8238396624472574 0.4564873417721519 0.35232067510548526 0.15031645569620253
0 0.8913502109704642 0.5522151898734177 0.21729957805907174 0.11075949367088607
0 0.8217299578059072 0.6305379746835443 0.3227848101265823 0.13132911392405064
0 0.6107594936708861 0.6906645569620253 0.6244725738396625 0.25316455696202533
0 0.4883966244725738 0.8132911392405063 0.5210970464135021 0.2088607594936709
0 0.16350210970464135 0.6368670886075949 0.3270042194092827 0.18829113924050633
0 0.07489451476793249 0.3860759493670886 0.04852320675105485 0.0490506329113924
0 0.9651898734177216 0.4177215189873418 0.06962025316455696 0.0379746835443038