0 0.3985232067510549 0.4867879746835443 0.3146413502109705 0.08568037974683541
0 0.3042827004219409 0.35207278481012655 0.056540084388185675 0.06988924050632914
0 0.5187130801687764 0.34430379746835443 0.2864978902953586 0.08045886075949371
0 0.8217299578059072 0.4137658227848101 0.35654008438818563 0.1060126582278481
0 0.8984599156118144 0.5012974683544303 0.20308016877637128 0.08485759493670886
0 0.8468565400843883 0.586629746835443 0.3062869198312235 0.09327531645569627
0 0.6533122362869198 0.6736708860759494 0.5930590717299579 0.17784810126582276
0 0.5614345991561182 0.8097784810126581 0.49383966244725747 0.1460759493670885
0 0.17529535864978904 0.682120253164557 0.35056962025316457 0.14438291139240506
0 0.05521097046413503 0.44280063291139243 0.03835443037974684 0.04431962025316454
0 0.9537763713080168 0.3563291139240506 0.09244725738396635 0.0261708860759494