0 0.6722222222222223 0.11532447224394057 0.2972222222222222 0.10320562939796717
0 0.34791666666666665 0.1364347146207975 0.2611111111111111 0.10086004691164972
0 0.25555555555555554 0.20172009382329945 0.3458333333333333 0.1164972634870993
0 0.5506944444444445 0.17748240813135263 0.24722222222222223 0.10867865519937452
0 0.4222222222222222 0.24433150899139952 0.2513888888888889 0.10007818608287725
0 0.2916666666666667 0.2971071149335418 0.4388888888888889 0.12978889757623144
0 0.6722222222222223 0.23729476153244722 0.20555555555555555 0.07114933541829555
0 0.5506944444444445 0.2795152462861611 0.22083333333333333 0.10867865519937452
0 0.7229166666666667 0.31821735731039874 0.34444444444444444 0.127443315089914
0 0.3090277777777778 0.39601250977326036 0.4708333333333333 0.1892103205629398
0 0.05347222222222222 0.4065676309616888 0.10694444444444444 0.12197028928850664
0 0.6194444444444445 0.4609069585613761 0.37777777777777777 0.13604378420641125
0 0.42916666666666664 0.5136825645035183 0.21666666666666667 0.0656763096168882
0 0.33402777777777776 0.5942142298670836 0.3902777777777778 0.1344800625488663
0 0.4486111111111111 0.8225175918686474 0.7652777777777777 0.2689601250977326