0 0.7194444444444444 0.12314308053166537 0.2875 0.09304143862392494
0 0.39305555555555555 0.1313526192337764 0.25277777777777777 0.09225957779515247
0 0.29305555555555557 0.1931196247068022 0.33611111111111114 0.10476935105551212
0 0.5909722222222222 0.1802189210320563 0.2375 0.10086004691164972
0 0.45416666666666666 0.24159499609069585 0.24166666666666667 0.0906958561376075
0 0.3173611111111111 0.28967943706020327 0.42777777777777776 0.11415168100078187
0 0.7048611111111112 0.24472243940578578 0.1986111111111111 0.06333072713057075
0 0.5777777777777777 0.2818608287724785 0.20972222222222223 0.1016419077404222
0 0.7451388888888889 0.32720875684128226 0.3333333333333333 0.11493354182955434
0 0.32222222222222224 0.3885848318999218 0.4527777777777778 0.17279124315871774
0 0.05694444444444444 0.38819390148553556 0.11388888888888889 0.11806098514464425
0 0.6236111111111111 0.4655981235340109 0.36666666666666664 0.12275215011727912
0 0.42777777777777776 0.5109460516028147 0.2111111111111111 0.05785770132916341
0 0.32222222222222224 0.5875684128225176 0.37916666666666665 0.12118842845973417
0 0.40902777777777777 0.8197810789679437 0.7416666666666667 0.24159499609069585