0 0.24573611111111113 0.13020328381548085 0.280375 0.0849179046129789
0 0.5723194444444444 0.12872556684910086 0.24465277777777775 0.08508991399530882
0 0.6783472222222223 0.18727912431587176 0.3271111111111112 0.09507427677873335
0 0.37956944444444446 0.18351055512118844 0.2285555555555556 0.09399530883502734
0 0.5217777777777778 0.24078967943706023 0.23480555555555563 0.08423768569194684
0 0.6628194444444445 0.2845191555903049 0.4193611111111112 0.10155590304925723
0 0.2719166666666667 0.25105551211884286 0.19395833333333337 0.05795152462861611
0 0.40194444444444444 0.2845191555903049 0.20163888888888895 0.09581704456606721
0 0.23909722222222224 0.33475371383893665 0.32333333333333336 0.10587959343236901
0 0.6669583333333333 0.3836903831118061 0.43912499999999993 0.1601641907740422
0 0.9402222222222223 0.37552775605942146 0.11954166666666657 0.1147771696637999
0 0.3731111111111111 0.46945269741985923 0.3561944444444445 0.11211102423768576
0 0.5732222222222223 0.5087412040656762 0.2072083333333334 0.05185301016419072
0 0.6854444444444444 0.5822439405785771 0.369013888888889 0.11012509773260352
0 0.6208333333333333 0.816505082095387 0.7225833333333334 0.2207114933541829