0 0.93671875 0.37890625 0.1265625 0.2421875
0 0.86796875 0.246875 0.0453125 0.0390625
0 0.7921875 0.303125 0.0421875 0.0421875
0 0.7609375 0.1171875 0.034375 0.0265625
0 0.72421875 0.18046875 0.01875 0.025
0 0.634375 0.2765625 0.1546875 0.2296875
0 0.4046875 0.09765625 0.08125 0.09375
0 0.3109375 0.0828125 0.084375 0.165625
0 0.34453125 0.109375 0.03125 0.0828125
0 0.4171875 0.225 0.159375 0.1375
0 0.565625 0.259375 0.078125 0.146875
0 0.625 0.42421875 0.15625 0.1484375
0 0.428125 0.3515625 0.1578125 0.1375
0 0.2421875 0.29140625 0.1234375 0.0828125
0 0.2234375 0.37109375 0.1265625 0.134375
0 0.28125 0.2140625 0.1265625 0.09375
0 0.33828125 0.240625 0.09375 0.0953125
0 0.3515625 0.4390625 0.1328125 0.1109375
0 0.3796875 0.40546875 0.109375 0.08125
0 0.528125 0.525 0.1390625 0.1046875
0 0.46015625 0.5328125 0.1578125 0.159375
0 0.36328125 0.559375 0.140625 0.125
0 0.2703125 0.4984375 0.1046875 0.109375
0 0.225 0.55625 0.14375 0.1453125
0 0.34453125 0.6578125 0.1453125 0.0953125
0 0.45078125 0.70390625 0.0984375 0.1609375
0 0.3421875 0.76171875 0.1015625 0.0921875
0 0.5078125 0.76640625 0.0609375 0.0484375
0 0.596875 0.6890625 0.109375 0.1828125
0 0.76875 0.56328125 0.165625 0.20625
0 0.69765625 0.56171875 0.1171875 0.1234375
0 0.8828125 0.76875 0.0546875 0.05
0 0.65546875 0.74609375 0.1296875 0.109375
0 0.56796875 0.8703125 0.06875 0.078125
0 0.47421875 0.81640625 0.0625 0.0390625
0 0.859375 0.7109375 0.0328125 0.0515625
0 0.9296875 0.75390625 0.03125 0.0421875
0 0.8765625 0.91796875 0.0640625 0.0515625
0 0.8640625 0.8390625 0.0375 0.0375
0 0.9234375 0.93203125 0.0203125 0.0421875
0 0.88125 0.646875 0.040625 0.03125
0 0.92421875 0.67109375 0.015625 0.03125
0 0.59453125 0.06484375 0.0234375 0.0296875
0 0.7390625 0.05625 0.0203125 0.021875
0 0.6765625 0.0375 0.0125 0.015625
0 0.89296875 0.065625 0.0171875 0.0171875
0 0.9140625 0.16796875 0.0109375 0.015625
0 0.16328125 0.20546875 0.0453125 0.153125
0 0.0796875 0.74296875 0.06875 0.06875
0 0.02890625 0.6328125 0.0296875 0.053125