0 0.07237500000000001 0.31848437500000004 0.11773437499999999 0.22723437500000002
0 0.170671875 0.198390625 0.04132812499999998 0.033937499999999975
0 0.2376875 0.26446875 0.03787500000000001 0.03795312500000003
0 0.29525 0.08475 0.031125000000000024 0.02228125000000001
0 0.32215625000000003 0.15237499999999998 0.01618750000000002 0.02317187500000002
0 0.3976875 0.260046875 0.12651562499999996 0.21349999999999997
0 0.650484375 0.11453125 0.07089062500000001 0.08496875
0 0.74590625 0.10290625 0.06057812499999997 0.18046875
0 0.708140625 0.1345 0.019406249999999937 0.08115625
0 0.62028125 0.23929687500000002 0.14382812499999992 0.11885937499999999
0 0.46870312500000005 0.252671875 0.059281250000000084 0.139359375
0 0.3869375 0.40737500000000004 0.13948437499999997 0.13003125000000004
0 0.591984375 0.362828125 0.143359375 0.11907812499999997
0 0.78403125 0.3290625 0.11492187499999992 0.06714062499999995
0 0.791484375 0.41059375 0.11110937500000002 0.12082812500000002
0 0.756765625 0.24710937500000002 0.11665624999999995 0.078234375
0 0.696421875 0.26603125 0.08217187500000005 0.08484375000000002
0 0.6556093749999999 0.46059374999999997 0.12003125000000008 0.09582812500000007
0 0.6322656249999999 0.423171875 0.10110937500000006 0.06787499999999995
0 0.46834375 0.52040625 0.128921875 0.08734374999999997
0 0.5348437500000001 0.537953125 0.13967187499999997 0.14117187500000003
0 0.627140625 0.577890625 0.12698437499999998 0.10854687500000004
0 0.727578125 0.530390625 0.09170312500000008 0.09793749999999993
0 0.76465625 0.594203125 0.126953125 0.1286875
0 0.631828125 0.6780625 0.13635937499999998 0.07767187500000006
0 0.52053125 0.708984375 0.07768750000000005 0.15199999999999997
0 0.6201875 0.780953125 0.09085937499999996 0.08029687499999998
0 0.45515625000000004 0.76296875 0.055312499999999966 0.041234374999999976
0 0.377375 0.673828125 0.08589062499999996 0.17229687499999996
0 0.22526562499999997 0.52553125 0.14009375000000002 0.18823437500000004
0 0.2955 0.5336875 0.10274999999999998 0.11079687499999995
0 0.083578125 0.712875 0.04845312500000001 0.04417187499999997
0 0.311828125 0.7224375000000001 0.11742187499999997 0.09453125
0 0.381203125 0.857 0.05926562500000001 0.06990625000000002
0 0.48120312500000006 0.81696875 0.05929687500000007 0.030484374999999987
0 0.1145 0.6590625 0.025859375000000018 0.04901562500000001
0 0.03915625 0.691265625 0.026234374999999997 0.03874999999999993
0 0.0690625 0.861890625 0.059078125 0.04409375000000004
0 0.09265625 0.7848437500000001 0.03264062500000001 0.0336875
0 0.020890624999999996 0.86878125 0.014843749999999998 0.03990624999999994
0 0.10223437500000002 0.5923125 0.03742187499999999 0.025843749999999943
0 0.056484374999999996 0.610375 0.012359374999999995 0.02965625000000003
0 0.467078125 0.055671875 0.019406249999999937 0.027000000000000003
0 0.324703125 0.027109375 0.017671875000000004 0.018843750000000003
0 0.389671875 0.017546875 0.010515625000000028 0.014421875
0 0.171015625 0.01475 0.01590625000000001 0.015671874999999995
0 0.136015625 0.11340625 0.009562500000000007 0.015156249999999982
0 0.87421875 0.255546875 0.025062499999999942 0.151078125
0 0.8823437500000001 0.7991093749999999 0.06146874999999987 0.06012499999999994
0 0.9476875 0.6972343750000001 0.02265625 0.05067187499999992