0 0.89375 0.25390625 0.1515625 0.2421875
0 0.778125 0.15078125 0.046875 0.040625
0 0.721875 0.2265625 0.04375 0.04375
0 0.6375 0.0578125 0.034375 0.0265625
0 0.62109375 0.12890625 0.0203125 0.025
0 0.56328125 0.246875 0.1578125 0.23125
0 0.29140625 0.14296875 0.0828125 0.0953125
0 0.1953125 0.14609375 0.0875 0.1875
0 0.2375 0.171875 0.03125 0.0828125
0 0.340625 0.2609375 0.1609375 0.140625
0 0.4921875 0.25078125 0.0796875 0.146875
0 0.596875 0.390625 0.1578125 0.15
0 0.3875 0.37890625 0.1609375 0.140625
0 0.19296875 0.37578125 0.1234375 0.084375
0 0.1984375 0.45703125 0.128125 0.1375
0 0.20703125 0.290625 0.128125 0.0953125
0 0.26953125 0.3 0.09375 0.096875
0 0.33984375 0.48515625 0.1328125 0.1140625
0 0.35703125 0.44453125 0.1109375 0.0828125
0 0.534375 0.51484375 0.140625 0.10625
0 0.471875 0.54296875 0.159375 0.1609375
0 0.38671875 0.596875 0.1421875 0.1265625
0 0.2796875 0.565625 0.10625 0.1109375
0 0.253125 0.634375 0.1453125 0.146875
0 0.39765625 0.696875 0.146875 0.0984375
0 0.5125 0.709375 0.1 0.1625
0 0.425 0.79609375 0.1015625 0.09375
0 0.58515625 0.75234375 0.0609375 0.05
0 0.6484375 0.65234375 0.1125 0.184375
0 0.775 0.48203125 0.1671875 0.2078125
0 0.70703125 0.5015625 0.11875 0.125
0 0.94453125 0.6453125 0.0546875 0.0515625
0 0.7203125 0.690625 0.13125 0.1125
0 0.6734375 0.834375 0.06875 0.078125
0 0.56796875 0.81015625 0.0640625 0.0390625
0 0.90546875 0.596875 0.0328125 0.053125
0 0.984375 0.61640625 0.03125 0.0421875
0 0.97421875 0.7890625 0.0515625 0.053125
0 0.946875 0.71796875 0.0375 0.0390625
0 0.90703125 0.52890625 0.040625 0.03125
0 0.95546875 0.53984375 0.0171875 0.03125
0 0.46328125 0.05625 0.0234375 0.0296875
0 0.59921875 0.0078125 0.0203125 0.015625
0 0.5328125 0.00703125 0.0125 0.0140625
0 0.79921875 0.0609375 0.0125 0.0171875
0 0.0921875 0.3171875 0.0484375 0.153125
0 0.16953125 0.85546875 0.0703125 0.06875
0 0.0890625 0.76484375 0.0296875 0.053125