0 0.40457805907173 0.4704513064133017 0.365717299578059 0.16641330166270785
0 0.740506329113924 0.5564726840855106 0.16213080168776375 0.0948456057007126
0 0.8471308016877638 0.39408551068883607 0.1579324894514768 0.1642992874109264
0 0.15985232067510546 0.5864726840855107 0.17364978902953587 0.14307600950118762
0 0.4267932489451477 0.7122327790973872 0.15118143459915606 0.08743467933491673
0 0.6723206751054852 0.7431947743467934 0.1856118143459916 0.16466745843230415
0 0.7950421940928271 0.7803681710213777 0.0410337552742617 0.058942992874109396
0 0.8995358649789029 0.6791092636579572 0.1350210970464135 0.0835629453681709
0 0.5185443037974683 0.9214608076009502 0.05873417721518982 0.07751781472684083
0 0.13059071729957805 0.9086104513064133 0.06886075949367089 0.02475059382422793
0 0.33229957805907173 0.3531828978622328 0.22348101265822787 0.09193586698337289
0 0.11839662447257383 0.324916864608076 0.18662447257383966 0.08716152019002374
0 0.1809915611814346 0.3574465558194775 0.08185654008438815 0.06396674584323042
0 0.17088607594936708 0.18883610451306412 0.34177215189873417 0.13064133016627077
0 0.6497890295358649 0.054038004750593824 0.11392405063291139 0.10807600950118765
0 0.8395147679324895 0.03631828978622328 0.06236286919831212 0.041900237529691214
0 0.9778481012658228 0.02315914489311164 0.04430379746835443 0.020190023752969122
0 0.7726160337552743 0.11365795724465559 0.24637130801687757 0.11421615201900236
0 0.629662447257384 0.17755344418052257 0.29976793248945155 0.1078266033254157
0 0.785506329113924 0.17381235154394298 0.034493670886075994 0.046235154394299295