0 0.5812236286919831 0.45902612826603323 0.4219409282700422 0.20902612826603326
0 0.2879746835443038 0.5855106888361045 0.1962025316455696 0.11282660332541568
0 0.11919831223628692 0.44061757719714967 0.21940928270042195 0.18052256532066507
0 0.8660337552742616 0.5409738717339667 0.22573839662447256 0.16152019002375298
0 0.6561181434599156 0.6977434679334917 0.18143459915611815 0.10451306413301663
0 0.4293248945147679 0.7589073634204275 0.2468354430379747 0.1840855106888361
0 0.32489451476793246 0.8105700712589073 0.06329113924050633 0.06294536817102138
0 0.18248945147679324 0.7250593824228029 0.16455696202531644 0.09857482185273159
0 0.6508438818565401 0.9133016627078385 0.08860759493670886 0.0831353919239905
0 0.6044303797468354 0.3355106888361045 0.2552742616033755 0.11757719714964371
0 0.8016877637130801 0.2808788598574822 0.21729957805907174 0.10807600950118765
0 0.7542194092827004 0.32066508313539194 0.10548523206751055 0.07244655581947744
0 0.6962025316455697 0.15498812351543942 0.3860759493670886 0.171021377672209
0 0.17616033755274263 0.08432304038004751 0.1540084388185654 0.11995249406175772
0 0.011603375527426161 0.09085510688836104 0.023206751054852322 0.048693586698337295
0 0.11075949367088607 0.15795724465558195 0.22151898734177214 0.14251781472684086
0 0.24472573839662448 0.20249406175771972 0.33544303797468356 0.14251781472684086
0 0.09177215189873418 0.21852731591448932 0.052742616033755275 0.0498812351543943