0 0.5917721518987342 0.4667458432304038 0.3860759493670886 0.18052256532066507
0 0.2668776371308017 0.565914489311164 0.1729957805907173 0.10095011876484561
0 0.14029535864978904 0.407957244655582 0.17721518987341772 0.16983372921615203
0 0.8502109704641351 0.5730403800475059 0.19198312236286919 0.1496437054631829
0 0.5991561181434599 0.7090261282660333 0.16244725738396623 0.09263657957244656
0 0.35864978902953587 0.7494061757719715 0.20464135021097046 0.171021377672209
0 0.24050632911392406 0.7915676959619953 0.04852320675105485 0.060570071258907364
0 0.12341772151898735 0.6941805225653207 0.14556962025316456 0.08907363420427554
0 0.5337552742616034 0.921021377672209 0.06751054852320675 0.07957244655581948
0 0.9187763713080169 0.8931116389548693 0.07172995780590717 0.027315914489311165
0 0.6487341772151899 0.34679334916864607 0.23417721518987342 0.10095011876484561
0 0.8586497890295358 0.31057007125890734 0.1962025316455696 0.09382422802850356
0 0.8006329113924051 0.34501187648456055 0.08860759493670886 0.0665083135391924
0 0.790084388185654 0.17695961995249407 0.35654008438818563 0.14370546318289787
0 0.29535864978902954 0.06116389548693587 0.12658227848101267 0.11282660332541568
0 0.10337552742616034 0.0510688836104513 0.06751054852320675 0.043942992874109264
0 0.18037974683544303 0.12529691211401425 0.25949367088607594 0.12351543942992874
0 0.33122362869198313 0.1834916864608076 0.31223628691983124 0.1187648456057007
0 0.1751054852320675 0.18586698337292162 0.04008438818565401 0.047505938242280284