0 0.31796875 0.17734375 0.2 0.184375
0 0.45546875 0.14609375 0.134375 0.128125
0 0.625 0.22734375 0.246875 0.2078125
0 0.7390625 0.1875 0.078125 0.109375
0 0.70625 0.315625 0.196875 0.16875
0 0.8421875 0.20546875 0.0484375 0.08125
0 0.88125 0.19921875 0.04375 0.059375
0 0.91640625 0.26796875 0.103125 0.14375
0 0.80390625 0.2765625 0.05625 0.0828125
0 0.52421875 0.325 0.1359375 0.103125
0 0.609375 0.35390625 0.1390625 0.1171875
0 0.62109375 0.403125 0.209375 0.153125
0 0.74296875 0.41953125 0.1859375 0.15
0 0.7953125 0.4515625 0.1734375 0.1375
0 0.37109375 0.321875 0.1671875 0.1171875
0 0.20078125 0.278125 0.1875 0.1375
0 0.24296875 0.2296875 0.0609375 0.075
0 0.290625 0.25859375 0.046875 0.0703125
0 0.05 0.31953125 0.0390625 0.05
0 0.0078125 0.39765625 0.015625 0.0421875
0 0.0140625 0.42890625 0.028125 0.0390625
0 0.1203125 0.45546875 0.2078125 0.1296875
0 0.1078125 0.4 0.109375 0.05
0 0.22578125 0.51015625 0.221875 0.1453125
0 0.2828125 0.57265625 0.265625 0.178125
0 0.421875 0.49375 0.30625 0.2203125
0 0.63125 0.48125 0.2078125 0.16875
0 0.453125 0.734375 0.321875 0.2234375
0 0.5171875 0.83828125 0.2671875 0.18125
0 0.7890625 0.6953125 0.184375 0.1484375
0 0.83515625 0.796875 0.1890625 0.1390625
0 0.7375 0.77578125 0.178125 0.1125
0 0.3265625 0.70546875 0.275 0.184375
0 0.45078125 0.67421875 0.278125 0.1640625
0 0.92890625 0.51484375 0.1421875 0.1390625
0 0.8921875 0.59296875 0.146875 0.1203125
0 0.96875 0.634375 0.0625 0.10625
0 0.94921875 0.38515625 0.0953125 0.1203125
0 0.5796875 0.59140625 0.0921875 0.103125
0 0.45234375 0.5984375 0.09375 0.0859375
0 0.35234375 0.625 0.165625 0.0828125
0 0.890625 0.3265625 0.0484375 0.059375
0 0.85078125 0.34296875 0.028125 0.046875
0 0.9390625 0.67265625 0.0765625 0.1125
0 0.984375 0.57109375 0.03125 0.0640625
0 0.9265625 0.44453125 0.1046875 0.0734375