0 0.59821875 0.14284375 0.16918749999999996 0.14782812499999998
0 0.45757812500000006 0.14560937499999999 0.11295312499999995 0.103375
0 0.312765625 0.26603125 0.21509375000000003 0.15984375
0 0.192625 0.254578125 0.055374999999999994 0.09942187499999999
0 0.2555625 0.3705625 0.170125 0.13140624999999995
0 0.097046875 0.297203125 0.030921874999999988 0.075296875
0 0.057359375000000004 0.3000625 0.032140625000000006 0.05290625000000002
0 0.039484374999999995 0.375765625 0.074171875 0.12932812499999996
0 0.150953125 0.35675 0.03871875 0.07565625000000002
0 0.4343125 0.336171875 0.12200000000000003 0.07514062499999996
0 0.35853125 0.38496874999999997 0.12045312499999997 0.09146874999999999
0 0.359046875 0.43515625 0.18817187500000002 0.11059374999999996
0 0.24506250000000002 0.48064062500000004 0.16301562499999997 0.11407812499999999
0 0.20207812500000003 0.5243125 0.15209374999999997 0.10453124999999996
0 0.5822499999999999 0.29625 0.15112500000000004 0.08276562499999995
0 0.7364375 0.212640625 0.167765625 0.09993749999999998
0 0.68434375 0.175390625 0.04692187499999996 0.06606249999999998
0 0.6445000000000001 0.21515625 0.03276562500000004 0.06432812500000003
0 0.89315625 0.21576562500000002 0.03004687500000003 0.043671874999999985
0 0.960171875 0.279921875 0.023421875000000016 0.03760937499999999
0 0.957390625 0.313859375 0.028968749999999942 0.033624999999999974
0 0.857796875 0.3645625 0.193765625 0.08504687499999997
0 0.855984375 0.30821875 0.10678124999999987 0.02546875000000002
0 0.768375 0.443578125 0.20385937500000004 0.09929687499999998
0 0.7283593749999999 0.5178906249999999 0.24329687500000005 0.12293749999999992
0 0.574171875 0.474921875 0.2766718749999999 0.15887499999999996
0 0.368421875 0.513296875 0.18190625000000002 0.12935937499999994
0 0.601859375 0.7161875 0.29315625 0.15703125
0 0.565140625 0.83259375 0.24471875 0.12578125
0 0.267109375 0.7594218749999999 0.16265625 0.11224999999999996
0 0.24670312499999997 0.869328125 0.16909375000000001 0.10081249999999997
0 0.336296875 0.825234375 0.16490625000000003 0.07510937499999999
0 0.71828125 0.6575 0.25093750000000004 0.12715625
0 0.5900000000000001 0.65671875 0.2612500000000001 0.10370312500000001
0 0.075328125 0.621296875 0.14309375 0.10785937499999995
0 0.141828125 0.685015625 0.12882812500000002 0.09156250000000003
0 0.050515624999999995 0.7514375 0.10103124999999999 0.08376562500000002
0 0.0359375 0.4970625 0.071875 0.10626562499999999
0 0.44465625 0.607921875 0.07320312500000004 0.08737499999999994
0 0.56984375 0.58421875 0.07907812500000003 0.06809375000000006
0 0.673171875 0.585609375 0.15882812499999996 0.045859375000000036
0 0.0788125 0.4265625 0.036125000000000004 0.05276562499999997
0 0.121359375 0.43271875 0.01770312500000002 0.04321874999999995
0 0.115359375 0.7736562499999999 0.05365625 0.10321874999999991
0 0.02890625 0.6913437499999999 0.0578125 0.051109375000000054
0 0.07246875 0.54940625 0.0956875 0.05157812499999999