0 0.3953125 0.14453125 0.171875 0.15
0 0.5359375 0.1453125 0.1140625 0.1046875
0 0.6828125 0.2625 0.2171875 0.1640625
0 0.803125 0.24921875 0.0578125 0.1
0 0.7421875 0.36640625 0.171875 0.134375
0 0.89921875 0.28984375 0.0328125 0.0765625
0 0.9390625 0.2921875 0.0328125 0.053125
0 0.95859375 0.36796875 0.0765625 0.13125
0 0.846875 0.35078125 0.040625 0.0765625
0 0.5625 0.33515625 0.1234375 0.0765625
0 0.6390625 0.3828125 0.121875 0.09375
0 0.63984375 0.4328125 0.190625 0.1140625
0 0.7546875 0.4765625 0.165625 0.1171875
0 0.7984375 0.51875 0.153125 0.1078125
0 0.4140625 0.29765625 0.153125 0.0859375
0 0.25859375 0.2171875 0.16875 0.103125
0 0.31015625 0.17890625 0.0484375 0.0671875
0 0.35078125 0.21796875 0.034375 0.065625
0 0.1015625 0.22265625 0.03125 0.04375
0 0.0359375 0.28828125 0.0234375 0.0375
0 0.0390625 0.321875 0.0296875 0.034375
0 0.13984375 0.37109375 0.1953125 0.0890625
0 0.140625 0.31484375 0.1078125 0.0265625
0 0.23046875 0.4484375 0.20625 0.103125
0 0.271875 0.521875 0.2453125 0.1265625
0 0.42578125 0.4765625 0.2796875 0.1640625
0 0.63203125 0.5109375 0.184375 0.1328125
0 0.4015625 0.71796875 0.2953125 0.1625
0 0.440625 0.83359375 0.246875 0.1296875
0 0.7375 0.75546875 0.1640625 0.115625
0 0.759375 0.86484375 0.1703125 0.103125
0 0.66953125 0.82265625 0.165625 0.078125
0 0.284375 0.6609375 0.253125 0.13125
0 0.4125 0.65859375 0.2625 0.1078125
0 0.9265625 0.6140625 0.1453125 0.1109375
0 0.86171875 0.67890625 0.1296875 0.09375
0 0.95078125 0.74296875 0.0984375 0.0859375
0 0.96328125 0.48828125 0.0734375 0.1078125
0 0.55703125 0.60703125 0.075 0.0890625
0 0.43125 0.58515625 0.0796875 0.06875
0 0.328125 0.58828125 0.159375 0.0484375
0 0.91953125 0.41953125 0.0375 0.053125
0 0.87734375 0.42578125 0.01875 0.04375
0 0.8890625 0.7671875 0.0546875 0.1046875
0 0.971875 0.68203125 0.05625 0.0515625
0 0.928125 0.5421875 0.096875 0.053125