0 0.7833723653395784 0.7953125 0.41451990632318503 0.38125
0 0.8723653395784543 0.09140625 0.24121779859484777 0.1828125
0 0.5140515222482436 0.08671875 0.1990632318501171 0.1734375
0 0.5117096018735363 0.59375 0.32084309133489464 0.278125
0 0.15456674473067916 0.40703125 0.2388758782201405 0.2765625
0 0.202576112412178 0.72578125 0.405152224824356 0.2703125
0 0.7131147540983607 0.35 0.3395784543325527 0.4
0 0.20288056206088992 0.14450000000000002 0.270983606557377 0.28900000000000003
0 0.4562295081967213 0.31242187499999996 0.2473536299765808 0.23699999999999996
0 0.4727634660421546 0.8761875 0.21014051522248248 0.21764062499999995
0 0.13817330210772832 0.934375 0.24355971896955503 0.13125