0 0.797423887587822 0.7703125 0.405152224824356 0.4125
0 0.7939110070257611 0.08203125 0.2716627634660422 0.1640625
0 0.4379391100702576 0.09140625 0.22950819672131148 0.1828125
0 0.5292740046838408 0.5921875 0.3700234192037471 0.3015625
0 0.14168618266978922 0.4359375 0.28337236533957844 0.29375
0 0.2459016393442623 0.7484375 0.4519906323185012 0.3015625
0 0.6838407494145199 0.33359375 0.4098360655737705 0.425
0 0.14988290398126464 0.1703125 0.2997658079625293 0.309375
0 0.42271662763466045 0.3171875 0.28805620608899296 0.2546875
0 0.5421545667447307 0.87578125 0.24824355971896955 0.2328125
0 0.2189695550351288 0.94296875 0.2646370023419204 0.1140625