0 0.24824355971896955 0.80390625 0.45433255269320844 0.3921875
0 0.10772833723653395 0.109375 0.2154566744730679 0.19375
0 0.4414519906323185 0.08984375 0.21779859484777517 0.1796875
0 0.49765807962529274 0.59375 0.34894613583138173 0.2921875
0 0.8348946135831382 0.39140625 0.26697892271662765 0.2875
0 0.8021077283372365 0.71171875 0.3957845433255269 0.2890625
0 0.2716627634660422 0.36015625 0.38173302107728335 0.4140625
0 0.7587822014051522 0.140625 0.2997658079625293 0.28125
0 0.5245901639344263 0.3109375 0.2716627634660422 0.2484375
0 0.5667447306791569 0.87421875 0.23185011709601874 0.2265625
0 0.8887587822014051 0.91640625 0.2224824355971897 0.1421875