0 0.5253164556962026 0.29453681710213775 0.8839662447257384 0.3479809976247031
0 0.39135021097046413 0.8378859857482185 0.6962025316455697 0.32185273159144895
0 0.21518987341772153 0.47743467933491684 0.08016877637130802 0.052256532066508314
0 0.29957805907172996 0.504750593824228 0.0949367088607595 0.039192399049881234
0 0.41561181434599154 0.5362232779097387 0.10548523206751055 0.04513064133016627
0 0.6350210970464135 0.5564133016627079 0.09282700421940929 0.05938242280285035
0 0.740506329113924 0.6442992874109263 0.08016877637130802 0.027315914489311165
0 0.5886075949367089 0.6264845605700713 0.0970464135021097 0.07600950118764846
0 0.6962025316455697 0.7019002375296912 0.10548523206751055 0.05344418052256532
0 0.5938818565400844 0.6983372921615202 0.09282700421940929 0.04513064133016627
0 0.39029535864978904 0.6157957244655582 0.08649789029535865 0.0344418052256532
0 0.3291139240506329 0.672209026128266 0.0759493670886076 0.05819477434679335
0 0.29535864978902954 0.6181710213776722 0.0949367088607595 0.035629453681710214
0 0.3291139240506329 0.6395486935866983 0.05063291139240506 0.021377672209026127
0 0.21624472573839662 0.6633016627078385 0.10337552742616034 0.03800475059382423
0 0.1308016877637131 0.5985748218527316 0.10548523206751055 0.035629453681710214
0 0.21729957805907174 0.5581947743467933 0.0949367088607595 0.03681710213776722
0 0.16139240506329114 0.5290973871733967 0.07172995780590717 0.028503562945368172
0 0.13924050632911392 0.5207838479809976 0.09282700421940929 0.05938242280285035