0 0.4739451476793249 0.2945249406175772 0.8213080168776371 0.2866627078384798
0 0.47643459915611824 0.8433491686460808 0.6334177215189873 0.2747030878859857
0 0.21225738396624472 0.4999524940617577 0.06864978902953585 0.04701900237529695
0 0.3024261603375527 0.5201306413301663 0.08689873417721518 0.03282660332541566
0 0.425042194092827 0.5422565320665083 0.09656118143459912 0.03852731591448924
0 0.6473206751054852 0.5450593824228028 0.08040084388185657 0.05352731591448937
0 0.7739873417721519 0.6242636579572447 0.07603375527426152 0.021959619952494073
0 0.6186497890295359 0.6181353919239906 0.08113924050632919 0.0699049881235154
0 0.7437974683544304 0.6847624703087887 0.09417721518987339 0.046068883610451264
0 0.6422573839662448 0.6891567695961995 0.08322784810126592 0.03887173396674586
0 0.41966244725738394 0.6231116389548693 0.0791350210970464 0.029049881235154437
0 0.37293248945147683 0.6842280285035629 0.06417721518987345 0.05346793349168644
0 0.3264345991561181 0.6330047505938242 0.08816455696202535 0.029073634204275556
0 0.365253164556962 0.6513301662707838 0.047151898734177265 0.01777909738717343
0 0.2591772151898734 0.6841211401425178 0.09734177215189871 0.03068883610451297
0 0.15858649789029536 0.6266152019002376 0.09995780590717299 0.0275890736342043
0 0.23472573839662447 0.5800356294536817 0.08850210970464138 0.030368171021377732
0 0.17143459915611817 0.5551425178147269 0.0672151898734177 0.02384798099762475
0 0.1479113924050633 0.5486817102137768 0.08008438818565403 0.054204275534441786