0 0.5010548523206751 0.29394299287410924 0.8544303797468354 0.3182897862232779
0 0.5664556962025317 0.8414489311163895 0.6666666666666666 0.2992874109263658
0 0.7869198312236287 0.48871733966745845 0.07383966244725738 0.0498812351543943
0 0.6993670886075949 0.5124703087885986 0.09071729957805907 0.035629453681710214
0 0.580168776371308 0.5391923990498813 0.10126582278481013 0.04275534441805225
0 0.35864978902953587 0.5504750593824228 0.08649789029535865 0.057007125890736345
0 0.24156118143459915 0.6347980997624703 0.07805907172995781 0.02494061757719715
0 0.39662447257383965 0.6223277909738717 0.08860759493670886 0.07244655581947744
0 0.2795358649789029 0.6941805225653207 0.09915611814345991 0.0498812351543943
0 0.3818565400843882 0.6941805225653207 0.08860759493670886 0.04156769596199525
0 0.5949367088607594 0.6199524940617577 0.08227848101265822 0.032066508313539195
0 0.6497890295358649 0.6787410926365796 0.06962025316455696 0.055819477434679333
0 0.689873417721519 0.6258907363420427 0.09071729957805907 0.032066508313539195
0 0.6529535864978903 0.6454869358669834 0.04852320675105485 0.019002375296912115
0 0.7626582278481012 0.6739904988123515 0.10126582278481013 0.0344418052256532
0 0.8565400843881856 0.6128266033254157 0.10337552742616034 0.030878859857482184
0 0.7742616033755274 0.5694774346793349 0.09282700421940929 0.0332541567695962
0 0.8343881856540084 0.5421615201900237 0.06962025316455696 0.026128266033254157
0 0.8575949367088608 0.5344418052256532 0.08649789029535865 0.057007125890736345