0 0.22304439746300211 0.33174603174603173 0.21141649048625794 0.24761904761904763
0 0.4397463002114165 0.39206349206349206 0.15644820295983086 0.16825396825396827
0 0.5824524312896406 0.5015873015873016 0.20507399577167018 0.20952380952380953
0 0.10993657505285412 0.49523809523809526 0.21987315010570824 0.19682539682539682
0 0.27906976744186046 0.5222222222222223 0.22410147991543342 0.2126984126984127
0 0.2029598308668076 0.7476190476190476 0.18181818181818182 0.19047619047619047
0 0.547568710359408 0.8476190476190476 0.10993657505285412 0.11428571428571428
0 0.5528541226215645 0.665079365079365 0.12684989429175475 0.13333333333333333
0 0.5739957716701902 0.6174603174603175 0.08879492600422834 0.08888888888888889
0 0.7367864693446089 0.7301587301587301 0.09725158562367865 0.12063492063492064
0 0.8097251585623678 0.7714285714285715 0.09302325581395349 0.12380952380952381
0 0.9682875264270613 0.7968253968253968 0.06342494714587738 0.10793650793650794