0 0.2462367864693446 0.26266666666666666 0.19202959830866803 0.2008253968253968
0 0.45298097251585623 0.37787301587301586 0.14262156448202956 0.13384126984126987
0 0.5815010570824525 0.5232698412698413 0.18828752642706137 0.1639682539682539
0 0.10978858350951375 0.39412698412698416 0.2195771670190275 0.142952380952381
0 0.27980972515856234 0.4644126984126984 0.20799154334038053 0.15987301587301592
0 0.1783509513742072 0.6667936507936507 0.16752642706131074 0.1502539682539682
0 0.5070613107822409 0.854984126984127 0.10171247357293865 0.08885714285714288
0 0.5328541226215644 0.675968253968254 0.11543340380549681 0.10514285714285716
0 0.559492600422833 0.6345714285714286 0.08192389006342495 0.06911111111111105
0 0.7069978858350952 0.7886031746031746 0.08765327695560261 0.0998095238095238
0 0.7742071881606765 0.8474603174603175 0.08186046511627913 0.10390476190476196
0 0.9348414376321353 0.9185714285714286 0.06928118393234668 0.09241269841269846