0 0.7684989429175476 0.30317460317460315 0.20507399577167018 0.22857142857142856
0 0.554968287526427 0.38571428571428573 0.15010570824524314 0.15555555555555556
0 0.4175475687103594 0.5111111111111111 0.19873150105708245 0.19365079365079366
0 0.8900634249471459 0.45396825396825397 0.21987315010570824 0.17777777777777778
0 0.7219873150105708 0.4984126984126984 0.21775898520084566 0.19047619047619047
0 0.8086680761099366 0.7158730158730159 0.17758985200845667 0.1746031746031746
0 0.4682875264270613 0.8523809523809524 0.10782241014799154 0.10476190476190476
0 0.45560253699788583 0.6698412698412698 0.1226215644820296 0.12380952380952381
0 0.4312896405919662 0.6238095238095238 0.08668076109936575 0.08253968253968254
0 0.273784355179704 0.753968253968254 0.09513742071881606 0.11428571428571428
0 0.2029598308668076 0.8031746031746032 0.08879492600422834 0.11746031746031746
0 0.03805496828752643 0.8476190476190476 0.07610993657505286 0.10158730158730159