0 0.93046875 0.33203125 0.1234375 0.0734375
0 0.703125 0.459375 0.1296875 0.096875
0 0.89453125 0.5203125 0.1453125 0.0765625
0 0.7203125 0.59296875 0.1078125 0.071875
0 0.4890625 0.6 0.13125 0.0890625
0 0.38515625 0.3796875 0.2796875 0.15
0 0.14375 0.2734375 0.1140625 0.0765625
0 0.37109375 0.6640625 0.084375 0.090625
0 0.478125 0.73671875 0.14375 0.0921875
0 0.25234375 0.72578125 0.1265625 0.09375
0 0.12890625 0.665625 0.0875 0.0703125
0 0.6015625 0.68046875 0.1265625 0.075
0 0.63984375 0.61328125 0.0453125 0.034375
0 0.3578125 0.815625 0.1 0.0609375
0 0.28125 0.921875 0.09375 0.0703125