0 0.846875 0.19453125 0.1234375 0.0734375
0 0.67734375 0.39296875 0.1296875 0.096875
0 0.878125 0.384375 0.1453125 0.0765625
0 0.7390625 0.51171875 0.1078125 0.071875
0 0.52421875 0.59765625 0.13125 0.0890625
0 0.35078125 0.4265625 0.2796875 0.15
0 0.0875 0.409375 0.1140625 0.0765625
0 0.43515625 0.6984375 0.084375 0.090625
0 0.56015625 0.73046875 0.14375 0.0921875
0 0.34453125 0.796875 0.1265625 0.09375
0 0.2078125 0.78203125 0.0875 0.0703125
0 0.65703125 0.63515625 0.1265625 0.075
0 0.6703125 0.55859375 0.0453125 0.034375
0 0.47421875 0.8453125 0.1 0.0609375
0 0.4390625 0.96796875 0.09375 0.0640625