0 0.10521875 0.25960937500000003 0.11667187500000002 0.05323437499999999
0 0.306953125 0.42507812500000003 0.11732812500000005 0.07793749999999999
0 0.107546875 0.4515625 0.13804687499999999 0.05276562499999997
0 0.26678125 0.55296875 0.09917187500000005 0.055578125000000075
0 0.493359375 0.600375 0.12110937499999999 0.069140625
0 0.634015625 0.40146875 0.26490624999999995 0.10571874999999994
0 0.890203125 0.338875 0.10540625000000006 0.05864062499999996
0 0.5985 0.683890625 0.07200000000000006 0.07992187499999996
0 0.48051562499999995 0.737109375 0.13290624999999992 0.07073437499999997
0 0.70459375 0.765671875 0.11542187500000001 0.07474999999999996
0 0.836546875 0.7272031250000001 0.07934374999999996 0.05718750000000004
0 0.36843750000000003 0.660359375 0.11812500000000004 0.054749999999999945
0 0.342734375 0.587609375 0.041718749999999985 0.02798437499999995
0 0.5853906249999999 0.8356406249999999 0.09265624999999993 0.045937500000000145
0 0.64225 0.95371875 0.08450000000000006 0.05709374999999994